timer=13920719
accData0=0.334057
accData1=-0.155776
accData2=-9.782919
gyroData0=-0.001648
gyroData1=0.010900
gyroData2=-0.000587
gps_data=d3 00 16 43 50 01
timer=13920769
accData0=0.328182
accData1=-0.153653
accData2=-9.784311
gyroData0=-0.010898
gyroData1=-0.004708
gyroData2=-0.004616
gps_data=11 22 33 d3 00 16 43 50 01 00 00 00 02 
timer=13920819
accData0=0.328011
accData1=-0.158154
accData2=-9.786025
gyroData0=0.014044
gyroData1=0.005835
gyroData2=-0.012652
gps_data=null
timer=13920869
accData0=0.324254
accData1=-0.154969
accData2=-9.784270
gyroData0=0.002455
gyroData1=0.007265
gyroData2=0.014629
gps_data=null
timer=13920919
accData0=0.319299
accData1=-0.160175
accData2=-9.795962
gyroData0=-0.016618
gyroData1=0.008292
gyroData2=0.014671
gps_data=00 00 00 00 00 00
timer=13920969
accData0=0.335220
accData1=-0.161002
accData2=-9.793937
gyroData0=-0.030004
gyroData1=0.037965
gyroData2=0.015100
gps_data=d3 00 16 43 50 
timer=13921069
accData0=0.329706
accData1=-0.162366
accData2=-9.793541
gyroData0=-0.013206
gyroData1=0.013941
gyroData2=-0.000528
gps_data=null 
timer=13921119
accData0=0.329432
accData1=-0.155781
accData2=-9.782604
gyroData0=0.001318
gyroData1=-0.014835
gyroData2=0.002435
gps_data=40 66 8a ee 10 fd 26 07 b7 5a 53 a2 00 00 33 d0 f7 d3 00 16 43 50 01 00 00 00 02 00 00 00 00 00 00 00 00 00 00 20 01 00 00 00 11 78 3e d3 00 16 43 f0 01 02 92 14 c2 00 00 00 00 00 00 00 00 00 00 20 80 00 00 00 7a 67 c2 d3 00 16 44 90 01 00 00 00 02 00 00 00 00 00 00 00 00 00 00 04 01 00 00 00 2b d8 35 d3 00 16 46 70 01 90 31 35 40 00 00 00 00 00 00 00 00 00 00 20 00 00 00 00 48 c7 80 d3 00 15 3e e0 01 03 39 96 48 40 66 8a ee 10 fd 26 07 b7 5a 53 a2 00 00 33 d0 f7 d3 00 16 43 50 01 00 00 00 02 00 00 00 00 00 00 00 00 00 00 20 01 00 00 00 11 78 3e d3 00 16 43 f0 01 02 92 14 c2 00 00 00 00 00 00 00 00 00 00 20 80 00 00 00 7a 67 c2 d3 00 16 44 90 01 00 00 00 02 00 00 00 00 00 00 00 00 00 00 04 01 00 00 00 2b d8 35 d3 00 16 46 70 01 90 31 35 40 00 00 00 00 00 00 00 00 00 00 20 00 00 00 00 48 c7 80 d3 00 15 3e e0 01 03 39 96 48 40 66 8a ee 10 fd 26 07 b7 5a 53 a2 00 
timer=13921169
accData0=0.324724
accData1=-0.158004
accData2=-9.803383
gyroData0=-0.031329
gyroData1=0.015579
gyroData2=0.008908
gps_data=00 33 d0 f7 d3 00 16 43 50 01 00 00 00 
timer=13921219
accData0=0.333490
accData1=-0.157801
accData2=-9.804123
gyroData0=-0.027003
gyroData1=0.008733
gyroData2=-0.016501
gps_data=5a 53 a2 00 00 33 d0 f7 d3 00 16 43 50 01 00 00 00 02 00 00 00 00 00 00 00 00 00 00 20 01 00 00 00 11 78 3e d3 00 16 43 f0 01 02 92 14 c2 00 00 00 00 00 00 00 00 00 00 20 80 00 00 00 7a 67 c2 d3 00 16 44 90 01 00 00 00 02 00 00 00 00 00 00 00 00 00 00 04 01 00 00 00 2b d8 35 d3 00 16 46 70 01 90 31 35 40 00 00 00 00 00 00 00 00 00 00 20 00 00 00 00 48 c7 80 d3 00 15 3e e0 01 03 39 96 48 40 66 8a ee 10 fd 26 07 b7 5a 53 a2 00 00 33 d0 f7 
timer=13921269
accData0=0.327209
accData1=-0.161810
accData2=-9.801325
gyroData0=-0.019033
gyroData1=0.008186
gyroData2=0.015874
gps_data=d3 00 16 43 50 01 00 00 00 02 00 
timer=13921319
accData0=0.333074
accData1=-0.158397
accData2=-9.805426
gyroData0=-0.012477
gyroData1=0.008501
gyroData2=0.013227
gps_data=a2 00 00 33 d0 f7 
timer=13921419
accData0=0.326770
accData1=-0.165771
accData2=-9.787576
gyroData0=0.009916
gyroData1=0.032216
gyroData2=-0.000309
gps_data=16 43 50 01 00 00 00 02 00 00 00 00 00 00 00 00 00 00 20 01 00 00 00 11 78 3e d3 00 16 43 f0 01 02 92 14 c2 00 00 00 00 00 00 00 00 00 00 20 80 00 00 00 7a 67 c2 d3 00 16 44 90 01 00 00 00 02 00 00 00 00 00 00 00 00 00 00 04 01 00 00 00 2b d8 35 d3 00 16 46 70 01 90 31 35 40 00 00 00 00 00 00 00 00 00 00 20 00 00 00 00 48 c7 80 d3 00 15 3e e0 01 03 39 96 48 40 66 8a ee 10 fd 26 07 b7 5a 53 a2 00 00 33 d0 f7 
timer=13921469
accData0=0.331225
accData1=-0.154143
accData2=-9.811893
gyroData0=-0.041940
gyroData1=0.007989
gyroData2=-0.000569
gps_data=d3 00 16 43 50 01 
timer=13921519
accData0=0.331575
accData1=-0.159222
accData2=-9.805782
gyroData0=0.011809
gyroData1=0.007625
gyroData2=0.014861
gps_data=26 07 b7 5a 53 a2 00 00 33 d0 f7 d3 00 16 43 50 01 00 00 00 02 00 00 00 00 00 00 00 00 00 00 20 01 00 00 00 11 78 3e d3 00 16 43 f0 01 02 92 14 c2 00 00 00 00 00 00 00 00 00 00 20 80 00 00 00 7a 67 c2 d3 00 16 44 90 01 00 00 00 02 00 00 00 00 00 00 00 00 00 00 04 01 00 00 00 2b d8 35 d3 00 16 46 70 01 90 31 35 40 00 00 00 00 00 00 00 00 00 00 20 00 00 00 00 48 c7 80 d3 00 15 3e e0 01 03 39 96 48 40 66 8a ee 10 fd 26 07 b7 5a 53 a2 00 00 33 d0 f7 d3 00 16 43 50 01 00 00 00 02 00 00 00 00 00 00 00 00 00 00 20 01 00 00 00 11 78 3e d3 00 16 43 f0 01 02 92 14 c2 00 00 00 00 00 00 00 00 00 00 20 80 00 00 00 7a 67 c2 d3 00 16 44 90 01 00 00 00 02 00 00 00 00 00 00 00 00 00 00 04 01 00 00 00 2b d8 35 d3 00 16 46 70 01 90 31 35 40 00 00 00 00 00 00 00 00 00 00 20 00 00 00 00 48 c7 80 d3 00 15 3e e0 01 03 39 96 48 40 66 8a ee 10 fd 26 07 b7 5a 53 a2 00 00 33 d0 f7 d3 00 16 43 
timer=13921569
accData0=0.331010
accData1=-0.160206
accData2=-9.799096
gyroData0=-0.010477
gyroData1=0.023944
gyroData2=0.014638
gps_data=50 01 00 00 00 02 00 00 00 00 00 00 00 00 00 00 20 01 00 00 00 11 78 3e d3 00 16 43 f0 01 02 92 14 c2 00 00 00 00 00 00 00 00 00 00 20 80 00 00 00 7a 67 c2 d3 00 16 44 90 01 00 00 00 02 00 00 00 00 00 00 00 00 00 00 04 01 00 00 00 2b d8 35 d3 00 16 46 70 01 90 31 35 40 00 00 00 00 00 00 00 00 00 00 20 00 00 00 00 48 c7 80 d3 00 15 3e e0 01 03 39 96 48 40 66 8a ee 10 fd 26 07 b7 5a 53 a2 00 00 33 d0 f7 d3 00 16 43 50 01 00 00 
timer=13921669
accData0=0.325772
accData1=-0.155431
accData2=-9.800644
gyroData0=0.002440
gyroData1=0.021333
gyroData2=-0.000449
gps_data=d3 00 16 43 50 01 00 00 00 02 00 
timer=13921719
accData0=0.330605
accData1=-0.157077
accData2=-9.806215
gyroData0=0.019146
gyroData1=0.040067
gyroData2=-0.008977
gps_data=a2 00 00 33 d0 f7 d3 00 16 43 50 01 00 00 00 02 00 00 00 00 00 00 00 00 00 00 20 01 00 00 00 11 78 3e d3 00 16 43 f0 01 02 92 14 c2 00 00 00 00 00 00 00 00 00 00 20 80 00 00 00 7a 67 c2 d3 00 16 44 90 01 00 00 00 02 00 00 00 00 00 00 00 00 00 00 04 01 00 00 00 2b d8 35 d3 00 16 46 70 01 90 31 35 40 00 00 00 00 00 00 00 00 00 00 20 00 00 00 00 48 c7 80 d3 00 15 3e e0 01 03 39 96 48 40 66 8a ee 10 fd 26 07 b7 5a 53 a2 00 00 33 d0 f7 
timer=13921769
accData0=0.329937
accData1=-0.157159
accData2=-9.797029
gyroData0=-0.006474
gyroData1=0.004466
gyroData2=0.000072
gps_data=d3 00 16 
timer=13921819
accData0=0.326259
accData1=-0.155182
accData2=-9.801410
gyroData0=-0.024607
gyroData1=0.013154
gyroData2=-0.003978
gps_data=43 50 01 00 00 00 02 00 00 00 00 00 00 00 00 00 00 20 01 00 00 00 11 78 3e d3 00 16 43 f0 01 02 92 14 c2 00 00 00 00 00 00 00 00 00 00 20 80 00 00 00 7a 67 c2 d3 00 16 44 90 01 00 00 00 02 00 00 00 00 00 00 00 00 00 00 04 01 00 00 00 2b d8 35 d3 00 16 46 70 01 90 31 35 40 00 00 00 00 00 00 00 00 00 00 20 00 00 00 00 48 c7 80 d3 00 15 3e e0 01 03 39 96 48 40 66 8a ee 10 fd 26 07 b7 5a 53 a2 00 00 33 d0 f7 d3 00 16 43 50 01 00 00 00 02 00 00 00 00 00 00 00 00 00 00 20 01 00 00 00 11 78 3e d3 00 16 43 f0 01 02 92 14 c2 00 00 00 00 00 00 00 00 00 00 20 80 00 00 00 7a 67 c2 d3 00 16 44 90 01 00 00 00 02 00 00 00 00 00 00 00 00 00 00 04 01 00 00 00 2b d8 35 d3 00 16 46 70 01 90 31 35 40 00 00 00 00 00 00 00 00 00 00 20 00 00 00 00 48 c7 80 d3 00 15 3e e0 01 03 39 96 48 40 66 8a ee 10 fd 26 07 b7 5a 53 a2 00 00 33 d0 f7 
timer=13921869
accData0=0.324067
accData1=-0.149049
accData2=-9.820690
gyroData0=-0.014700
gyroData1=0.039944
gyroData2=-0.000167
gps_data=d3 00 16 43 
timer=13921969
accData0=0.326017
accData1=-0.156811
accData2=-9.813450
gyroData0=-0.014959
gyroData1=0.024004
gyroData2=0.015005
gps_data=d3 00 16 43 
timer=13922019
accData0=0.332731
accData1=-0.155054
accData2=-9.802169
gyroData0=-0.011102
gyroData1=0.007927
gyroData2=0.017300
gps_data=10 fd 26 07 b7 5a 53 a2 00 00 33 d0 f7 d3 00 16 43 50 01 00 00 00 02 00 00 00 00 00 00 00 00 00 00 20 01 00 00 00 11 78 3e d3 00 16 43 f0 01 02 92 14 c2 00 00 00 00 00 00 00 00 00 00 20 80 00 00 00 7a 67 c2 d3 00 16 44 90 01 00 00 00 02 00 00 00 00 00 00 00 00 00 00 04 01 00 00 00 2b d8 35 d3 00 16 46 70 01 90 31 35 40 00 00 00 00 00 00 00 00 00 00 20 00 00 00 00 48 c7 80 d3 00 15 3e e0 01 03 39 96 48 40 66 8a ee 10 fd 26 07 b7 5a 53 a2 00 00 33 d0 f7 d3 00 16 43 50 01 00 00 00 02 00 00 00 00 00 00 00 00 00 00 20 01 00 00 00 11 78 3e d3 00 16 43 f0 01 02 92 14 c2 00 00 00 00 00 00 00 00 00 00 20 80 00 00 00 7a 67 c2 d3 00 16 44 90 01 00 00 00 02 00 00 00 00 00 00 00 00 00 00 04 01 00 00 00 2b d8 35 d3 00 16 46 70 01 90 31 35 40 00 00 00 00 00 00 00 00 00 00 20 00 00 00 00 48 c7 80 d3 00 15 3e e0 01 03 39 96 48 40 66 8a ee 10 fd 26 07 b7 5a 53 a2 00 00 33 d0 f7 
timer=13922069
accData0=0.326282
accData1=-0.154615
accData2=-9.803169
gyroData0=0.018384
gyroData1=0.023732
gyroData2=-0.001056
gps_data=d3 00 16 43 50 01 00 00 00 
timer=13922119
accData0=0.317928
accData1=-0.156354
accData2=-9.810686
gyroData0=0.001313
gyroData1=0.015152
gyroData2=-0.032375
gps_data=5a 53 a2 00 00 33 d0 f7 d3 00 16 43 50 01 00 00 00 02 00 00 00 00 00 00 00 00 00 00 20 01 00 00 00 11 78 3e d3 00 16 43 f0 01 02 92 14 c2 00 00 00 00 00 00 00 00 00 00 20 80 00 00 00 7a 67 c2 d3 00 16 44 90 01 00 00 00 02 00 00 00 00 00 00 00 00 00 00 04 01 00 00 00 2b d8 35 d3 00 16 46 70 01 90 31 35 40 00 00 00 00 00 00 00 00 00 00 20 00 00 00 00 48 c7 80 d3 00 15 3e e0 01 03 39 96 48 40 66 8a ee 10 fd 26 07 b7 5a 53 a2 00 00 33 d0 f7 
timer=13922169
accData0=0.335921
accData1=-0.154414
accData2=-9.813979
gyroData0=-0.029510
gyroData1=0.028165
gyroData2=-0.000061
gps_data=d3 00 16 43 50 01 00 00 00 02 
timer=13922269
accData0=0.323566
accData1=-0.152226
accData2=-9.791637
gyroData0=-0.019534
gyroData1=0.008498
gyroData2=-0.016392
gps_data=d3 00 
timer=13922319
accData0=0.319823
accData1=-0.166199
accData2=-9.801545
gyroData0=-0.015199
gyroData1=0.005220
gyroData2=-0.000152
gps_data=16 43 50 01 00 00 00 02 00 00 00 00 00 00 00 00 00 00 20 01 00 00 00 11 78 3e d3 00 16 43 f0 01 02 92 14 c2 00 00 00 00 00 00 00 00 00 00 20 80 00 00 00 7a 67 c2 d3 00 16 44 90 01 00 00 00 02 00 00 00 00 00 00 00 00 00 00 04 01 00 00 00 2b d8 35 d3 00 16 46 70 01 90 31 35 40 00 00 00 00 00 00 00 00 00 00 20 00 00 00 00 48 c7 80 d3 00 15 3e e0 01 03 39 96 48 40 66 8a ee 10 fd 26 07 b7 5a 53 a2 00 00 33 d0 f7 
timer=13922369
accData0=0.332894
accData1=-0.159729
accData2=-9.807770
gyroData0=0.003573
gyroData1=0.024304
gyroData2=-0.009049
gps_data=d3 00 16 43 50 01 
timer=13922419
accData0=0.334788
accData1=-0.156373
accData2=-9.808125
gyroData0=-0.024939
gyroData1=-0.005307
gyroData2=-0.007441
gps_data=26 07 b7 5a 53 a2 00 00 33 d0 f7 d3 00 16 43 50 01 00 00 00 02 00 00 00 00 00 00 00 00 00 00 20 01 00 00 00 11 78 3e d3 00 16 43 f0 01 02 92 14 c2 00 00 00 00 00 00 00 00 00 00 20 80 00 00 00 7a 67 c2 d3 00 16 44 90 01 00 00 00 02 00 00 00 00 00 00 00 00 00 00 04 01 00 00 00 2b d8 35 d3 00 16 46 70 01 90 31 35 40 00 00 00 00 00 00 00 00 00 00 20 00 00 00 00 48 c7 80 d3 00 15 3e e0 01 03 39 96 48 40 66 8a ee 10 fd 26 07 b7 5a 53 a2 00 00 33 d0 f7 d3 00 16 43 50 01 00 00 00 02 00 00 00 00 00 00 00 00 00 00 20 01 00 00 00 11 78 3e d3 00 16 43 f0 01 02 92 14 c2 00 00 00 00 00 00 00 00 00 00 20 80 00 00 00 7a 67 c2 d3 00 16 44 90 01 00 00 00 02 00 00 00 00 00 00 00 00 00 00 04 01 00 00 00 2b d8 35 d3 00 16 46 70 01 90 31 35 40 00 00 00 00 00 00 00 00 00 00 20 00 00 00 00 48 c7 80 d3 00 15 3e e0 01 03 39 96 48 40 66 8a ee 10 fd 26 07 b7 5a 53 a2 00 00 33 d0 f7 
timer=13922469
accData0=0.335415
accData1=-0.156847
accData2=-9.814944
gyroData0=-0.014975
gyroData1=0.032161
gyroData2=-0.015824
gps_data=d3 00 16 43 50 01 00 00 
timer=13922569
accData0=0.336024
accData1=-0.151885
accData2=-9.797892
gyroData0=-0.014005
gyroData1=0.007698
gyroData2=0.000127
gps_data=d3 00 16 43 50 01 00 00 00 
timer=13922619
accData0=0.325986
accData1=-0.156670
accData2=-9.799041
gyroData0=-0.005865
gyroData1=-0.007669
gyroData2=0.013714
gps_data=5a 53 a2 00 00 33 d0 f7 
timer=13922669
accData0=0.331012
accData1=-0.165790
accData2=-9.812045
gyroData0=-0.027699
gyroData1=0.008960
gyroData2=-0.023408
gps_data=d3 00 
timer=13922719
accData0=0.328124
accData1=-0.152922
accData2=-9.803607
gyroData0=0.002971
gyroData1=0.023663
gyroData2=0.002244
gps_data=16 43 50 01 00 00 00 02 00 00 00 00 00 00 00 00 00 00 20 01 00 00 00 11 78 3e d3 00 16 43 f0 01 02 92 14 c2 00 00 00 00 00 00 00 00 00 00 20 80 00 00 00 7a 67 c2 d3 00 16 44 90 01 00 00 00 02 00 00 00 00 00 00 00 00 00 00 04 01 00 00 00 2b d8 35 d3 00 16 46 70 01 90 31 35 40 00 00 00 00 00 00 00 00 00 00 20 00 00 00 00 48 c7 80 d3 00 15 3e e0 01 03 39 96 48 40 66 8a ee 10 fd 26 07 b7 5a 53 a2 00 00 33 d0 f7 d3 00 16 43 50 01 00 00 00 02 00 00 00 00 00 00 00 00 00 00 20 01 00 00 00 11 78 3e d3 00 16 43 f0 01 02 92 14 c2 00 00 00 00 00 00 00 00 00 00 20 80 00 00 00 7a 67 c2 d3 00 16 44 90 01 00 00 00 02 00 00 00 00 00 00 00 00 00 00 04 01 00 00 00 2b d8 35 d3 00 16 46 70 01 90 31 35 40 00 00 00 00 00 00 00 00 00 00 20 00 00 00 00 48 c7 80 d3 00 15 3e e0 01 03 39 96 48 40 66 8a ee 10 fd 26 07 b7 5a 53 a2 00 00 33 d0 f7 
timer=13922769
accData0=0.331605
accData1=-0.154104
accData2=-9.795788
gyroData0=0.002759
gyroData1=0.023623
gyroData2=0.024222
gps_data=d3 00 16 43 50 01 
timer=13922819
accData0=0.328897
accData1=-0.158272
accData2=-9.808071
gyroData0=-0.027241
gyroData1=0.023988
gyroData2=0.029675
gps_data=00 00 00 02 00 00 00 00 00 00 00 00 00 00 20 01 00 00 00 11 78 3e d3 00 16 43 f0 01 02 92 14 c2 00 00 00 00 00 00 00 00 00 00 20 80 00 00 00 7a 67 c2 d3 00 16 44 90 01 00 00 00 02 00 00 00 00 00 00 00 00 00 00 04 01 00 00 00 2b d8 35 d3 00 16 46 70 01 90 31 35 40 00 00 00 00 00 00 00 00 00 00 20 00 00 00 00 48 c7 80 d3 00 15 3e e0 01 03 39 96 48 40 66 8a ee 10 fd 26 07 b7 5a 53 a2 00 00 33 d0 f7 
timer=13922869
accData0=0.327821
accData1=-0.151622
accData2=-9.797270
gyroData0=0.018082
gyroData1=0.039636
gyroData2=0.015173
gps_data=d3 00 16 43 50 01 00 00 
timer=13922969
accData0=0.331499
accData1=-0.157670
accData2=-9.796085
gyroData0=0.000762
gyroData1=0.007528
gyroData2=0.015476
gps_data=d3 00 16 43 50 01 00 00 00 02 
timer=13923019
accData0=0.321884
accData1=-0.167294
accData2=-9.801989
gyroData0=-0.013448
gyroData1=0.040509
gyroData2=-0.015835
gps_data=53 a2 00 00 33 d0 f7 d3 00 16 43 50 01 00 00 00 02 00 00 00 00 00 00 00 00 00 00 20 01 00 00 00 11 78 3e d3 00 16 43 f0 01 02 92 14 c2 00 00 00 00 00 00 00 00 00 00 20 80 00 00 00 7a 67 c2 d3 00 16 44 90 01 00 00 00 02 00 00 00 00 00 00 00 00 00 00 04 01 00 00 00 2b d8 35 d3 00 16 46 70 01 90 31 35 40 00 00 00 00 00 00 00 00 00 00 20 00 00 00 00 48 c7 80 d3 00 15 3e e0 01 03 39 96 48 40 66 8a ee 10 fd 26 07 b7 5a 53 a2 00 00 33 d0 f7 
timer=13923069
accData0=0.331503
accData1=-0.159233
accData2=-9.799445
gyroData0=-0.011952
gyroData1=0.012098
gyroData2=0.014597
gps_data=d3 00 16 43 50 01 00 00 00 02 00 00 
timer=13923119
accData0=0.334913
accData1=-0.152890
accData2=-9.803075
gyroData0=0.000182
gyroData1=0.024115
gyroData2=-0.009910
gps_data=00 00 33 d0 f7 
timer=13923169
accData0=0.330043
accData1=-0.151082
accData2=-9.801167
gyroData0=0.002812
gyroData1=0.024666
gyroData2=-0.035454
gps_data=d3 00 16 43 
timer=13923219
accData0=0.320562
accData1=-0.158544
accData2=-9.798321
gyroData0=-0.015911
gyroData1=-0.016802
gyroData2=0.015645
gps_data=50 01 00 00 00 02 00 00 00 00 00 00 00 00 00 00 20 01 00 00 00 11 78 3e d3 00 16 43 f0 01 02 92 14 c2 00 00 00 00 00 00 00 00 00 00 20 80 00 00 00 7a 67 c2 d3 00 16 44 90 01 00 00 00 02 00 00 00 00 00 00 00 00 00 00 04 01 00 00 00 2b d8 35 d3 00 16 46 70 01 90 31 35 40 00 00 00 00 00 00 00 00 00 00 20 00 00 00 00 48 c7 80 d3 00 15 3e e0 01 03 39 96 48 40 66 8a ee 10 fd 26 07 b7 5a 53 a2 00 00 33 d0 f7 
timer=13923269
accData0=0.322925
accData1=-0.156690
accData2=-9.805403
gyroData0=0.000349
gyroData1=0.025032
gyroData2=0.014877
gps_data=d3 00 16 
timer=13923369
accData0=0.330906
accData1=-0.154414
accData2=-9.809670
gyroData0=-0.026967
gyroData1=0.008193
gyroData2=0.014685
gps_data=d3 00 16 43 50 01 00 00 00 
timer=13923419
accData0=0.323382
accData1=-0.151564
accData2=-9.798997
gyroData0=-0.038176
gyroData1=0.024469
gyroData2=0.014926
gps_data=5a 53 a2 00 00 33 d0 f7 d3 00 16 43 50 01 00 00 00 02 00 00 00 00 00 00 00 00 00 00 20 01 00 00 00 11 78 3e d3 00 16 43 f0 01 02 92 14 c2 00 00 00 00 00 00 00 00 00 00 20 80 00 00 00 7a 67 c2 d3 00 16 44 90 01 00 00 00 02 00 00 00 00 00 00 00 00 00 00 04 01 00 00 00 2b d8 35 d3 00 16 46 70 01 90 31 35 40 00 00 00 00 00 00 00 00 00 00 20 00 00 00 00 48 c7 80 d3 00 15 3e e0 01 03 39 96 48 40 66 8a ee 10 fd 26 07 b7 5a 53 a2 00 00 33 d0 f7 d3 00 16 43 50 01 00 00 00 02 00 00 00 00 00 00 00 00 00 00 20 01 00 00 00 11 78 3e d3 00 16 43 f0 01 02 92 14 c2 00 00 00 00 00 00 00 00 00 00 20 80 00 00 00 7a 67 c2 d3 00 16 44 90 01 00 00 00 02 00 00 00 00 00 00 00 00 00 00 04 01 00 00 00 2b d8 35 d3 00 16 46 70 01 90 31 35 40 00 00 00 00 00 00 00 00 00 00 20 00 00 00 00 48 c7 80 d3 00 15 3e e0 01 03 39 96 48 40 66 8a ee 10 fd 26 07 b7 5a 53 a2 00 00 33 d0 f7 
timer=13923469
accData0=0.328589
accData1=-0.151196
accData2=-9.798822
gyroData0=0.002611
gyroData1=0.023918
gyroData2=0.002248
gps_data=d3 00 16 43 50 01 00 00 00 02 00 
timer=13923519
accData0=0.331614
accData1=-0.159321
accData2=-9.798525
gyroData0=-0.041373
gyroData1=0.008074
gyroData2=-0.007603
gps_data=a2 00 00 33 d0 f7 
timer=13923569
accData0=0.331938
accData1=-0.149949
accData2=-9.797616
gyroData0=-0.011683
gyroData1=0.009049
gyroData2=-0.000721
gps_data=d3 00 16 43 
timer=13923669
accData0=0.328987
accData1=-0.157235
accData2=-9.792285
gyroData0=0.011664
gyroData1=0.006994
gyroData2=0.006085
gps_data=d3 00 16 43 50 
timer=13923719
accData0=0.331032
accData1=-0.156362
accData2=-9.779267
gyroData0=-0.005769
gyroData1=0.011971
gyroData2=-0.001430
gps_data=01 00 00 00 02 00 00 00 00 00 00 00 00 00 00 20 01 00 00 00 11 78 3e d3 00 16 43 f0 01 02 92 14 c2 00 00 00 00 00 00 00 00 00 00 20 80 00 00 00 7a 67 c2 d3 00 16 44 90 01 00 00 00 02 00 00 00 00 00 00 00 00 00 00 04 01 00 00 00 2b d8 35 d3 00 16 46 70 01 90 31 35 40 00 00 00 00 00 00 00 00 00 00 20 00 00 00 00 48 c7 80 d3 00 15 3e e0 01 03 39 96 48 40 66 8a ee 10 fd 26 07 b7 5a 53 a2 00 00 33 d0 f7 
timer=13923769
accData0=0.329790
accData1=-0.156795
accData2=-9.798977
gyroData0=-0.042391
gyroData1=0.014996
gyroData2=-0.000841
gps_data=d3 00 16 43 50 01 00 00 00 
timer=13923819
accData0=0.335509
accData1=-0.151474
accData2=-9.789305
gyroData0=0.000377
gyroData1=0.009693
gyroData2=-0.024797
gps_data=5a 53 a2 00 00 33 d0 f7 d3 00 16 43 50 01 00 00 00 02 00 00 00 00 00 00 00 00 00 00 20 01 00 00 00 11 78 3e d3 00 16 43 f0 01 02 92 14 c2 00 00 00 00 00 00 00 00 00 00 20 80 00 00 00 7a 67 c2 d3 00 16 44 90 01 00 00 00 02 00 00 00 00 00 00 00 00 00 00 04 01 00 00 00 2b d8 35 d3 00 16 46 70 01 90 31 35 40 00 00 00 00 00 00 00 00 00 00 20 00 00 00 00 48 c7 80 d3 00 15 3e e0 01 03 39 96 48 40 66 8a ee 10 fd 26 07 b7 5a 53 a2 00 00 33 d0 f7 d3 00 16 43 50 01 00 00 00 02 00 00 00 00 00 00 00 00 00 00 20 01 00 00 00 11 78 3e d3 00 16 43 f0 01 02 92 14 c2 00 00 00 00 00 00 00 00 00 00 20 80 00 00 00 7a 67 c2 d3 00 16 44 90 01 00 00 00 02 00 00 00 00 00 00 00 00 00 00 04 01 00 00 00 2b d8 35 d3 00 16 46 70 01 90 31 35 40 00 00 00 00 00 00 00 00 00 00 20 00 00 00 00 48 c7 80 d3 00 15 3e e0 01 03 39 96 48 40 66 8a ee 10 fd 26 07 b7 5a 53 a2 00 00 33 d0 f7 
timer=13923869
accData0=0.328726
accData1=-0.159312
accData2=-9.793426
gyroData0=0.019252
gyroData1=0.039645
gyroData2=-0.014907
gps_data=d3 00 16 43 50 01 00 
timer=13923969
accData0=0.334122
accData1=-0.158611
accData2=-9.793097
gyroData0=-0.051166
gyroData1=-0.007722
gyroData2=0.013179
gps_data=d3 00 16 43 50 01 00 00 00 02 00 00 
timer=13924019
accData0=0.334793
accData1=-0.149971
accData2=-9.792160
gyroData0=-0.046645
gyroData1=0.009473
gyroData2=-0.013006
gps_data=00 00 33 d0 f7 
timer=13924069
accData0=0.327791
accData1=-0.155065
accData2=-9.797122
gyroData0=0.008240
gyroData1=0.026310
gyroData2=0.004074
gps_data=d3 00 16 43 50 01 
timer=13924119
accData0=0.332274
accData1=-0.159250
accData2=-9.783541
gyroData0=-0.027392
gyroData1=0.024385
gyroData2=0.000007
gps_data=00 00 00 02 00 00 00 00 00 00 00 00 00 00 20 01 00 00 00 11 78 3e d3 00 16 43 f0 01 02 92 14 c2 00 00 00 00 00 00 00 00 00 00 20 80 00 00 00 7a 67 c2 d3 00 16 44 90 01 00 00 00 02 00 00 00 00 00 00 00 00 00 00 04 01 00 00 00 2b d8 35 d3 00 16 46 70 01 90 31 35 40 00 00 00 00 00 00 00 00 00 00 20 00 00 00 00 48 c7 80 d3 00 15 3e e0 01 03 39 96 48 40 66 8a ee 10 fd 26 07 b7 5a 53 a2 00 00 33 d0 f7 
timer=13924169
accData0=0.325945
accData1=-0.152829
accData2=-9.798243
gyroData0=-0.011184
gyroData1=0.024143
gyroData2=0.000470
gps_data=d3 00 16 43 50 01 00 00 
timer=13924219
accData0=0.328024
accData1=-0.160453
accData2=-9.798442
gyroData0=-0.026446
gyroData1=0.019674
gyroData2=-0.003762
gps_data=b7 5a 53 a2 00 00 33 d0 f7 d3 00 16 43 50 01 00 00 00 02 00 00 00 00 00 00 00 00 00 00 20 01 00 00 00 11 78 3e d3 00 16 43 f0 01 02 92 14 c2 00 00 00 00 00 00 00 00 00 00 20 80 00 00 00 7a 67 c2 d3 00 16 44 90 01 00 00 00 02 00 00 00 00 00 00 00 00 00 00 04 01 00 00 00 2b d8 35 d3 00 16 46 70 01 90 31 35 40 00 00 00 00 00 00 00 00 00 00 20 00 00 00 00 48 c7 80 d3 00 15 3e e0 01 03 39 96 48 40 66 8a ee 10 fd 26 07 b7 5a 53 a2 00 00 33 d0 f7 d3 00 16 43 50 01 00 00 00 02 00 00 00 00 00 00 00 00 00 00 20 01 00 00 00 11 78 3e d3 00 16 43 f0 01 02 92 14 c2 00 00 00 00 00 00 00 00 00 00 20 80 00 00 00 7a 67 c2 d3 00 16 44 90 01 00 00 00 02 00 00 00 00 00 00 00 00 00 00 04 01 00 00 00 2b d8 35 d3 00 16 46 70 01 90 31 35 40 00 00 00 00 00 00 00 00 00 00 20 00 00 00 00 48 c7 80 d3 00 15 3e e0 01 03 39 96 48 40 66 8a ee 10 fd 26 07 b7 5a 53 a2 00 00 33 d0 f7 d3 00 16 43 50 
timer=13924319
accData0=0.323555
accData1=-0.155216
accData2=-9.800068
gyroData0=-0.027222
gyroData1=-0.011362
gyroData2=-0.001474
gps_data=5a 53 a2 00 00 33 d0 f7 d3 00 16 43 50 01 00 00 00 02 00 00 00 00 00 00 00 00 00 00 20 01 00 00 00 11 78 3e d3 00 16 43 f0 01 02 92 14 c2 00 00 00 00 00 00 00 00 00 00 20 80 00 00 00 7a 67 c2 d3 00 16 44 90 01 00 00 00 02 00 00 00 00 00 00 00 00 00 00 04 01 00 00 00 2b d8 35 d3 00 16 46 70 01 90 31 35 40 00 00 00 00 00 00 00 00 00 00 20 00 00 00 00 48 c7 80 d3 00 15 3e e0 01 03 39 96 48 40 66 8a ee 10 fd 26 07 b7 5a 53 a2 00 00 33 d0 f7 
timer=13924369
accData0=0.327764
accData1=-0.156023
accData2=-9.796806
gyroData0=-0.025871
gyroData1=0.018169
gyroData2=0.014821
gps_data=d3 00 16 43 50 01 00 00 00 02 00 00 00 
timer=13924419
accData0=0.330010
accData1=-0.156934
accData2=-9.803988
gyroData0=-0.007905
gyroData1=0.007212
gyroData2=0.011161
gps_data=00 33 d0 f7 
timer=13924469
accData0=0.333439
accData1=-0.153352
accData2=-9.795780
gyroData0=-0.012861
gyroData1=0.008478
gyroData2=-0.012822
gps_data=d3 00 16 
timer=13924519
accData0=0.332127
accData1=-0.160508
accData2=-9.795444
gyroData0=-0.019945
gyroData1=0.025289
gyroData2=-0.029118
gps_data=43 50 01 00 00 00 02 00 00 00 00 00 00 00 00 00 00 20 01 00 00 00 11 78 3e d3 00 16 43 f0 01 02 92 14 c2 00 00 00 00 00 00 00 00 00 00 20 80 00 00 00 7a 67 c2 d3 00 16 44 90 01 00 00 00 02 00 00 00 00 00 00 00 00 00 00 04 01 00 00 00 2b d8 35 d3 00 16 46 70 01 90 31 35 40 00 00 00 00 00 00 00 00 00 00 20 00 00 00 00 48 c7 80 d3 00 15 3e e0 01 03 39 96 48 40 66 8a ee 10 fd 26 07 b7 5a 53 a2 00 00 33 d0 f7 d3 00 16 43 50 01 00 00 00 02 00 00 00 00 00 00 00 00 00 00 20 01 00 00 00 11 78 3e d3 00 16 43 f0 01 02 92 14 c2 00 00 00 00 00 00 00 00 00 00 20 80 00 00 00 7a 67 c2 d3 00 16 44 90 01 00 00 00 02 00 00 00 00 00 00 00 00 00 00 04 01 00 00 00 2b d8 35 d3 00 16 46 70 01 90 31 35 40 00 00 00 00 00 00 00 00 00 00 20 00 00 00 00 48 c7 80 d3 00 15 3e e0 01 03 39 96 48 40 66 8a ee 10 fd 26 07 b7 5a 53 a2 00 00 33 d0 f7 
timer=13924569
accData0=0.326833
accData1=-0.155943
accData2=-9.795283
gyroData0=-0.032873
gyroData1=0.008306
gyroData2=-0.015511
gps_data=d3 00 16 43 50 01 
timer=13924669
accData0=0.339013
accData1=-0.161934
accData2=-9.801845
gyroData0=-0.011766
gyroData1=0.024230
gyroData2=-0.005448
gps_data=d3 00 16 43 50 01 00 00 00 02 
timer=13924719
accData0=0.327235
accData1=-0.159014
accData2=-9.797927
gyroData0=-0.027501
gyroData1=-0.007635
gyroData2=-0.001299
gps_data=53 a2 00 00 33 d0 f7 d3 00 16 43 50 01 00 00 00 02 00 00 00 00 00 00 00 00 00 00 20 01 00 00 00 11 78 3e d3 00 16 43 f0 01 02 92 14 c2 00 00 00 00 00 00 00 00 00 00 20 80 00 00 00 7a 67 c2 d3 00 16 44 90 01 00 00 00 02 00 00 00 00 00 00 00 00 00 00 04 01 00 00 00 2b d8 35 d3 00 16 46 70 01 90 31 35 40 00 00 00 00 00 00 00 00 00 00 20 00 00 00 00 48 c7 80 d3 00 15 3e e0 01 03 39 96 48 40 66 8a ee 10 fd 26 07 b7 5a 53 a2 00 00 33 d0 f7 d3 00 16 43 50 01 00 00 00 02 00 00 00 00 00 00 00 00 00 00 20 01 00 00 00 11 78 3e d3 00 16 43 f0 01 02 92 14 c2 00 00 00 00 00 00 00 00 00 00 20 80 00 00 00 7a 67 c2 d3 00 16 44 90 01 00 00 00 02 00 00 00 00 00 00 00 00 00 00 04 01 00 00 00 2b d8 35 d3 00 16 46 70 01 90 31 35 40 00 00 00 00 00 00 00 00 00 00 20 00 00 00 00 48 c7 80 d3 00 15 3e e0 01 03 39 96 48 40 66 8a ee 10 fd 26 07 b7 5a 53 a2 00 00 33 d0 f7 
timer=13924769
accData0=0.322545
accData1=-0.160060
accData2=-9.798036
gyroData0=-0.011770
gyroData1=0.024859
gyroData2=-0.015189
gps_data=d3 00 16 43 50 01 00 00 00 02 
timer=13924819
accData0=0.330799
accData1=-0.152415
accData2=-9.795712
gyroData0=-0.041357
gyroData1=0.008490
gyroData2=-0.001303
gps_data=53 a2 00 00 33 d0 f7 
timer=13924869
accData0=0.332217
accData1=-0.154196
accData2=-9.800372
gyroData0=-0.024301
gyroData1=0.026261
gyroData2=-0.031690
gps_data=d3 00 16 43 50 
