timer,tow,lla0,lla1,lla2,vel_ned0,vel_ned1,vel_ned2,hhva0,hhva1,hhva2,hhva3,acc0,acc1,acc2,rate0,rate1,rate2,quality0,quality1,quality2,
90970,4294967295,31.508691054,120.401579812,33.3168983376,-0.00622622249648,-0.00356979062781,-0.00690635666251,1.31210505962,1.09605525722e-05,3.88834405385e-06,0.0,0.00582068273798,0.00331984949298,0.997268676758,-0.135804399848,0.122162774205,0.0435044132173,0,0,0,
90980,4294967295,31.508691054,120.401579812,33.3168983376,-0.00622622249648,-0.00356979062781,-0.00690635666251,1.31210505962,1.09605525722e-05,3.88834405385e-06,0.0,0.00337579962797,0.00310427136719,0.996862649918,-0.147879824042,0.145867958665,0.0435044132173,0,0,0,
90990,4294967295,31.508691054,120.401579812,33.3168983376,-0.00622622249648,-0.00356979062781,-0.00690635666251,1.31210505962,1.09605525722e-05,3.88834405385e-06,0.0,0.00532688014209,0.00291981734335,0.996538162231,-0.130565553904,0.128404974937,0.0144388079643,0,0,0,
91000,4294967295,31.508691075,120.401579786,33.319081259,0.00691226124763,-0.00309527036734,-0.0104687493294,1.31210315228,1.09605525722e-05,3.88834405385e-06,0.0,0.00557319959626,0.00291677261703,0.997918903828,-0.11875642091,0.110338822007,0.00843775831163,0,0,0,
91010,4294967295,31.508691075,120.401579786,33.319081259,0.00691226124763,-0.00309527036734,-0.0104687493294,1.31210315228,1.09605525722e-05,3.88834405385e-06,0.0,0.0042796684429,0.004072453361,0.996863305569,-0.147271350026,0.163410037756,0.0494386181235,0,0,0,
91020,4294967295,31.508691075,120.401579786,33.319081259,0.00691226124763,-0.00309527036734,-0.0104687493294,1.31210315228,1.09605525722e-05,3.88834405385e-06,0.0,0.00476412149146,0.00382297788747,0.996863305569,-0.148102119565,0.123025298119,0.0494386181235,0,0,0,
91030,4294967295,31.508691075,120.401579786,33.319081259,0.00691226124763,-0.00309527036734,-0.0104687493294,1.31210315228,1.09605525722e-05,3.88834405385e-06,0.0,0.00475279195234,0.00260360981338,0.997269392014,-0.136275604367,0.117009423673,0.0554396696389,0,0,0,
91040,4294967295,31.508691075,120.401579786,33.319081259,0.00691226124763,-0.00309527036734,-0.0104687493294,1.31210315228,1.09605525722e-05,3.88834405385e-06,0.0,0.00483728200197,0.00341444951482,0.996051490307,-0.153694421053,0.158635303378,0.0205067042261,0,0,0,
91050,4294967295,31.508691075,120.401579786,33.319081259,0.00691226124763,-0.00309527036734,-0.0104687493294,1.31210315228,1.09605525722e-05,3.88834405385e-06,0.0,0.00469089718536,0.00406601140276,0.997106134892,-0.153693556786,0.141079083085,-0.00331197027117,0,0,0,
91060,4294967295,31.508691075,120.401579786,33.319081259,0.00691226124763,-0.00309527036734,-0.0104687493294,1.31210315228,1.09605525722e-05,3.88834405385e-06,0.0,0.00509153306484,0.0035707175266,0.996863305569,-0.148104384542,0.135026350617,0.0323751196265,0,0,0,
91070,4294967295,31.508691075,120.401579786,33.319081259,0.00691226124763,-0.00309527036734,-0.0104687493294,1.31210315228,1.09605525722e-05,3.88834405385e-06,0.0,0.00517446035519,0.00389512232505,0.996943533421,-0.125127136707,0.12884990871,0.0442435257137,0,0,0,
91080,4294967295,31.508691075,120.401579786,33.319081259,0.00691226124763,-0.00309527036734,-0.0104687493294,1.31210315228,1.09605525722e-05,3.88834405385e-06,0.0,0.00460117356852,0.00374331255443,0.997187793255,-0.119350634515,0.146820485592,0.032280985266,0,0,0,
91090,4294967295,31.508691075,120.401579786,33.319081259,0.00691226124763,-0.00309527036734,-0.0104687493294,1.31210315228,1.09605525722e-05,3.88834405385e-06,0.0,0.00483726756647,0.00333152036183,0.996456623077,-0.125910326838,0.146335929632,0.0324023999274,0,0,0,
91100,4294967295,31.508691075,120.401579786,33.319081259,0.00691226124763,-0.00309527036734,-0.0104687493294,1.31210315228,1.09605525722e-05,3.88834405385e-06,0.0,0.00492698000744,0.00382009730674,0.996619045734,-0.14394800365,0.117481507361,0.0321194678545,0,0,0,
91110,4294967295,31.508691075,120.401579786,33.319081259,0.00691226124763,-0.00309527036734,-0.0104687493294,1.31210315228,1.09605525722e-05,3.88834405385e-06,0.0,0.00501264771447,0.00389785761945,0.996701419353,-0.136420726776,0.105137243867,0.0442435257137,0,0,0,
91120,4294967295,31.508691075,120.401579786,33.319081259,0.00691226124763,-0.00309527036734,-0.0104687493294,1.31210315228,1.09605525722e-05,3.88834405385e-06,0.0,0.00500379875302,0.00340968347155,0.996376276016,-0.113359063864,0.127964600921,0.0561514981091,0,0,0,
91130,4294967295,31.508691075,120.401579786,33.319081259,0.00691226124763,-0.00309527036734,-0.0104687493294,1.31210315228,1.09605525722e-05,3.88834405385e-06,0.0,0.00501153059304,0.00390035635792,0.996700048447,-0.117812745273,0.150808051229,0.032241422683,0,0,0,
91140,4294967295,31.508691075,120.401579786,33.319081259,0.00691226124763,-0.00309527036734,-0.0104687493294,1.31210315228,1.09605525722e-05,3.88834405385e-06,0.0,0.00517772324383,0.00405890261754,0.996863305569,-0.118850030005,0.157076001167,0.00838319025934,0,0,0,
91150,4294967295,31.508691075,120.401579786,33.319081259,0.00691226124763,-0.00309527036734,-0.0104687493294,1.31210315228,1.09605525722e-05,3.88834405385e-06,0.0,0.00484575051814,0.00365909002721,0.996620416641,-0.130512207747,0.152229070663,0.0263467784971,0,0,0,
91160,4294967295,31.508691075,120.401579786,33.319081259,0.00691226124763,-0.00309527036734,-0.0104687493294,1.31210315228,1.09605525722e-05,3.88834405385e-06,0.0,0.00484331650659,0.00333462911658,0.997107446194,-0.153596714139,0.134315595031,0.0442708097398,0,0,0,
91170,4294967295,31.508691075,120.401579786,33.319081259,0.00691226124763,-0.00309527036734,-0.0104687493294,1.31210315228,1.09605525722e-05,3.88834405385e-06,0.0,0.00492338323966,0.00341506651603,0.996781647205,-0.172100096941,0.128740653396,0.0383093208075,0,0,0,
91180,4294967295,31.5086910563,120.401579735,33.3203087021,-0.000237444313825,-0.0196621175855,-0.0112192612141,2.38351082802,1.09605525722e-05,3.88834405385e-06,0.0,0.00475793750957,0.00325037096627,0.996457278728,-0.183812618256,0.141522482038,0.0382424779236,0,0,0,
91190,4294967295,31.5086910563,120.401579735,33.3203087021,-0.000237444313825,-0.0196621175855,-0.0112192612141,2.38351082802,1.09605525722e-05,3.88834405385e-06,0.0,0.0047639827244,0.00357468612492,0.996700048447,-0.159827753901,0.146753564477,0.0318520888686,0,0,0,
91200,4294967295,31.5086910563,120.401579735,33.3203087021,-0.000237444313825,-0.0196621175855,-0.0112192612141,2.38351082802,1.09605525722e-05,3.88834405385e-06,0.0,0.00476805726066,0.00365762133151,0.99702578783,-0.142200693488,0.104676812887,0.00839820038527,0,0,0,
91210,4294967295,31.5086910563,120.401579735,33.3203087021,-0.000237444313825,-0.0196621175855,-0.0112192612141,2.38351082802,1.09605525722e-05,3.88834405385e-06,0.0,0.00484291790053,0.00349668250419,0.996863901615,-0.119125969708,0.0799356251955,0.0499220900238,0,0,0,
91220,4294967295,31.5086910563,120.401579735,33.3203087021,-0.000237444313825,-0.0196621175855,-0.0112192612141,2.38351082802,1.09605525722e-05,3.88834405385e-06,0.0,0.00459630647674,0.00341902556829,0.996538817883,-0.0904666334391,0.103718593717,0.0673037469387,0,0,0,
91230,4294967295,31.5086910563,120.401579735,33.3203087021,-0.000237444313825,-0.0196621175855,-0.0112192612141,2.38351082802,1.09605525722e-05,3.88834405385e-06,0.0,0.00451578013599,0.00358045217581,0.996864616871,-0.117869600654,0.134443730116,0.0677246972919,0,0,0,
91240,4294967295,31.5086910563,120.401579735,33.3203087021,-0.000237444313825,-0.0196621175855,-0.0112192612141,2.38351082802,1.09605525722e-05,3.88834405385e-06,0.0,0.00492533994839,0.00357340299524,0.997108161449,-0.159510225058,0.141044467688,0.0383366122842,0,0,0,
91250,4294967295,31.5086910563,120.401579735,33.3203087021,-0.000237444313825,-0.0196621175855,-0.0112192612141,2.38351082802,1.09605525722e-05,3.88834405385e-06,0.0,0.00500750215724,0.00349353835918,0.996944904327,-0.153320387006,0.158137381077,0.0144783686846,0,0,0,
91260,4294967295,31.5086910563,120.401579735,33.3203087021,-0.000237444313825,-0.0196621175855,-0.0112192612141,2.38351082802,1.09605525722e-05,3.88834405385e-06,0.0,0.00468166731298,0.00341912102886,0.997106790543,-0.141276359558,0.1693983078,0.00255538895726,0,0,0,
91270,4294967295,31.5086910563,120.401579735,33.3203087021,-0.000237444313825,-0.0196621175855,-0.0112192612141,2.38351082802,1.09605525722e-05,3.88834405385e-06,0.0,0.00500669097528,0.00349254324101,0.997188389301,-0.141637012362,0.158527716994,0.0320210084319,0,0,0,
91280,4294967295,31.5086910563,120.401579735,33.3203087021,-0.000237444313825,-0.0196621175855,-0.0112192612141,2.38351082802,1.09605525722e-05,3.88834405385e-06,0.0,0.00500545324758,0.00357441301458,0.996700048447,-0.123768441379,0.139953836799,0.055785112083,0,0,0,
91290,4294967295,31.5086910563,120.401579735,33.3203087021,-0.000237444313825,-0.0196621175855,-0.0112192612141,2.38351082802,1.09605525722e-05,3.88834405385e-06,0.0,0.00484330253676,0.00365814822726,0.996537446976,-0.129296287894,0.158274546266,0.0617193169892,0,0,0,
91300,4294967295,31.5086910563,120.401579735,33.3203087021,-0.000237444313825,-0.0196621175855,-0.0112192612141,2.38351082802,1.09605525722e-05,3.88834405385e-06,0.0,0.00500384857878,0.00357627333142,0.996782302856,-0.129777088761,0.140941530466,0.0324146784842,0,0,0,
91310,4294967295,31.5086910563,120.401579735,33.3203087021,-0.000237444313825,-0.0196621175855,-0.0112192612141,2.38351082802,1.09605525722e-05,3.88834405385e-06,0.0,0.00500467373058,0.00357647822239,0.996538162231,-0.113859668374,0.0991587862372,0.0201253127307,0,0,0,
91320,4294967295,31.5086910563,120.401579735,33.3203087021,-0.000237444313825,-0.0196621175855,-0.0112192612141,2.38351082802,1.09605525722e-05,3.88834405385e-06,0.0,0.00500505464152,0.00357362232171,0.996700704098,-0.136314928532,0.11056176573,0.0384034477174,0,0,0,
91330,4294967295,31.5086910563,120.401579735,33.3203087021,-0.000237444313825,-0.0196621175855,-0.0112192612141,2.38351082802,1.09605525722e-05,3.88834405385e-06,0.0,0.00476086232811,0.00349596515298,0.996944904327,-0.14145720005,0.170276671648,0.0498552434146,0,0,0,
91340,4294967295,31.5086915141,120.401580123,33.3239740571,0.00154019857291,-0.0220064576715,-0.00781989656389,1.37460148335,1.09605525722e-05,3.88834405385e-06,0.0,0.0045982953161,0.00341765233316,0.996782302856,-0.129804521799,0.164608299732,0.0143719650805,0,0,0,
91350,4294967295,31.5086915141,120.401580123,33.3239740571,0.00154019857291,-0.0220064576715,-0.00781989656389,1.37460148335,1.09605525722e-05,3.88834405385e-06,0.0,0.00459667248651,0.00349952210672,0.996538162231,-0.129638314247,0.152168110013,0.0024762682151,0,0,0,
91360,4294967295,31.5086915141,120.401580123,33.3239740571,0.00154019857291,-0.0220064576715,-0.00781989656389,1.37460148335,1.09605525722e-05,3.88834405385e-06,0.0,0.0051643406041,0.00332812103443,0.996619164944,-0.125204741955,0.122922822833,0.0204794220626,0,0,0,
91370,4294967295,31.5086915141,120.401580123,33.3239740571,0.00154019857291,-0.0220064576715,-0.00781989656389,1.37460148335,1.09605525722e-05,3.88834405385e-06,0.0,0.00475271372125,0.00300783035345,0.996619164944,-0.125393480062,0.117175273597,0.0144906481728,0,0,0,
91380,4294967295,31.5086915141,120.401580123,33.3239740571,0.00154019857291,-0.0220064576715,-0.00781989656389,1.37460148335,1.09605525722e-05,3.88834405385e-06,0.0,0.00459264451638,0.00309230270796,0.996781051159,-0.147398144007,0.164287462831,0.0383093208075,0,0,0,
91390,4294967295,31.5086915141,120.401580123,33.3239740571,0.00154019857291,-0.0220064576715,-0.00781989656389,1.37460148335,1.09605525722e-05,3.88834405385e-06,0.0,0.00475879106671,0.00333027658053,0.996863305569,-0.141424074769,0.163796812296,0.0324023999274,0,0,0,
91400,4294967295,31.5086915141,120.401580123,33.3239740571,0.00154019857291,-0.0220064576715,-0.00781989656389,1.37460148335,1.09605525722e-05,3.88834405385e-06,0.0,0.00451250327751,0.00325409206562,0.99661976099,-0.118892863393,0.146370857954,0.0204002987593,0,0,0,
91410,4294967295,31.5086915141,120.401580123,33.3239740571,0.00154019857291,-0.0220064576715,-0.00781989656389,1.37460148335,1.09605525722e-05,3.88834405385e-06,0.0,0.00492015248165,0.00316999852657,0.996619045734,-0.107618995011,0.14057148993,-0.00349749508314,0,0,0,
91420,4294967295,31.5086915141,120.401580123,33.3239740571,0.00154019857291,-0.0220064576715,-0.00781989656389,1.37460148335,1.09605525722e-05,3.88834405385e-06,0.0,0.00517199886963,0.0034085791558,0.996538162231,-0.130399659276,0.129156023264,0.0143992481753,0,0,0,
91430,4294967295,31.5086915141,120.401580123,33.3239740571,0.00154019857291,-0.0220064576715,-0.00781989656389,1.37460148335,1.09605525722e-05,3.88834405385e-06,0.0,0.00459783617407,0.00358019862324,0.996620476246,-0.159447178245,0.146002665162,0.0553059801459,0,0,0,
91440,4294967295,31.5086915141,120.401580123,33.3239740571,0.00154019857291,-0.0220064576715,-0.00781989656389,1.37460148335,1.09605525722e-05,3.88834405385e-06,0.0,0.00451616430655,0.00366204348393,0.996864020824,-0.130315080285,0.14550063014,0.049022000283,0,0,0,
91450,4294967295,31.5086915141,120.401580123,33.3239740571,0.00154019857291,-0.0220064576715,-0.00781989656389,1.37460148335,1.09605525722e-05,3.88834405385e-06,0.0,0.00468361377716,0.00374185480177,0.996944904327,-0.0903963595629,0.13375762105,-0.00368629908189,0,0,0,
91460,4294967295,31.5086915141,120.401580123,33.3239740571,0.00154019857291,-0.0220064576715,-0.00781989656389,1.37460148335,1.09605525722e-05,3.88834405385e-06,0.0,0.00492387404665,0.00349934399128,0.997189700603,-0.107783287764,0.128389179707,0.00224790698849,0,0,0,
91470,4294967295,31.5086915141,120.401580123,33.3239740571,0.00154019857291,-0.0220064576715,-0.00781989656389,1.37460148335,1.09605525722e-05,3.88834405385e-06,0.0,0.00500027928501,0.00325328600593,0.996944904327,-0.101840317249,0.14596876502,0.00224790698849,0,0,0,
91480,4294967295,31.5086914847,120.401580088,33.3320213119,-0.024593167007,-0.0198268853128,-0.0395631417632,1.37460148335,1.09605525722e-05,3.88834405385e-06,0.0,0.00492624333128,0.00365727278404,0.996943533421,-0.11897815764,0.152214661241,0.00824895687401,0,0,0,
91490,4294967295,31.5086914847,120.401580088,33.3320213119,-0.024593167007,-0.0198268853128,-0.0395631417632,1.37460148335,1.09605525722e-05,3.88834405385e-06,0.0,0.00460195308551,0.00374366971664,0.997025191784,-0.102703869343,0.122631922364,0.0141163188964,0,0,0,
91500,4294967295,31.5086914847,120.401580088,33.3320213119,-0.024593167007,-0.0198268853128,-0.0395631417632,1.37460148335,1.09605525722e-05,3.88834405385e-06,0.0,0.00459996378049,0.00366243650205,0.997025191784,-0.103014603257,0.0984452590346,0.0259847287089,0,0,0,
91510,4294967295,31.5086914847,120.401580088,33.3320213119,-0.024593167007,-0.0198268853128,-0.0395631417632,1.37460148335,1.09605525722e-05,3.88834405385e-06,0.0,0.00500551285222,0.00390004180372,0.996700048447,-0.136370390654,0.0992699414492,0.0379868298769,0,0,0,
91520,4294967295,31.5086914847,120.401580088,33.3320213119,-0.024593167007,-0.0198268853128,-0.0395631417632,1.37460148335,1.09605525722e-05,3.88834405385e-06,0.0,0.00525092938915,0.00373372505419,0.996700108051,-0.136485129595,0.0989088788629,0.0319857783616,0,0,0,
91530,4294967295,31.5086914847,120.401580088,33.3320213119,-0.024593167007,-0.0198268853128,-0.0395631417632,1.37460148335,1.09605525722e-05,3.88834405385e-06,0.0,0.00500586582348,0.00341248884797,0.996944189072,-0.130196690559,0.10520042479,0.020400300622,0,0,0,
91540,4294967295,31.5086914847,120.401580088,33.3320213119,-0.024593167007,-0.0198268853128,-0.0395631417632,1.37460148335,1.09605525722e-05,3.88834405385e-06,0.0,0.00476247444749,0.00366268097423,0.996538817883,-0.11818254739,0.134477853775,0.0324023999274,0,0,0,
91550,4294967295,31.5086914847,120.401580088,33.3320213119,-0.024593167007,-0.0198268853128,-0.0395631417632,1.37460148335,1.09605525722e-05,3.88834405385e-06,0.0,0.00468359934166,0.00398564850911,0.996456086636,-0.119268484414,0.134451732039,0.0614407211542,0,0,0,
91560,4294967295,31.5086914847,120.401580088,33.3320213119,-0.024593167007,-0.0198268853128,-0.0395631417632,1.37460148335,1.09605525722e-05,3.88834405385e-06,0.0,0.00492947455496,0.0039016790688,0.996943533421,-0.130769297481,0.117029592395,0.0442039705813,0,0,0,
91570,4294967295,31.5086914847,120.401580088,33.3320213119,-0.024593167007,-0.0198268853128,-0.0395631417632,1.37460148335,1.09605525722e-05,3.88834405385e-06,0.0,0.00468116207048,0.00373957050033,0.996781051159,-0.124702885747,0.134727820754,0.0323751196265,0,0,0,
91580,4294967295,31.5086914847,120.401580088,33.3320213119,-0.024593167007,-0.0198268853128,-0.0395631417632,1.37460148335,1.09605525722e-05,3.88834405385e-06,0.0,0.00468270620331,0.00365686533041,0.996863305569,-0.0856205523014,0.1277821064,0.0443103723228,0,0,0,
91590,4294967295,31.5086914847,120.401580088,33.3320213119,-0.024593167007,-0.0198268853128,-0.0395631417632,1.37460148335,1.09605525722e-05,3.88834405385e-06,0.0,0.00476603256539,0.00357465702109,0.996944904327,-0.0803520306945,0.122513435781,0.0383761674166,0,0,0,
91600,4294967295,31.5086914847,120.401580088,33.3320213119,-0.024593167007,-0.0198268853128,-0.0395631417632,1.37460148335,1.09605525722e-05,3.88834405385e-06,0.0,0.00476044602692,0.00349556282163,0.996781647205,-0.0906133130193,0.140229940414,0.0495723076165,0,0,0,
91610,4294967295,31.5086914847,120.401580088,33.3320213119,-0.024593167007,-0.0198268853128,-0.0395631417632,1.37460148335,1.09605525722e-05,3.88834405385e-06,0.0,0.00459667248651,0.00366037711501,0.996619880199,-0.124474875629,0.13995744288,0.0547401160002,0,0,0,
91620,4294967295,31.5086914847,120.401580088,33.3320213119,-0.024593167007,-0.0198268853128,-0.0395631417632,1.37460148335,1.09605525722e-05,3.88834405385e-06,0.0,0.00460063619539,0.00373995886184,0.996864616871,-0.142787739635,0.13418777287,0.0439210385084,0,0,0,
91630,4294967295,31.5086914847,120.401580088,33.3320213119,-0.024593167007,-0.0198268853128,-0.0395631417632,1.37460148335,1.09605525722e-05,3.88834405385e-06,0.0,0.00468359561637,0.00357651780359,0.997188389301,-0.160289436579,0.134883955121,0.0557851158082,0,0,0,
91640,4294967295,31.5086914856,120.401580047,33.336551059,-0.0208906624466,-0.0189964398742,-0.0487641356885,1.31209647655,1.09605525722e-05,3.88834405385e-06,0.0,0.004837712273,0.00333337462507,0.996863305569,-0.177327439189,0.146890848875,0.0494299605489,0,0,0,
91650,4294967295,31.5086914856,120.401580047,33.336551059,-0.0208906624466,-0.0189964398742,-0.0487641356885,1.31209647655,1.09605525722e-05,3.88834405385e-06,0.0,0.00500142946839,0.00325086875819,0.996540129185,-0.160264104605,0.11719596386,0.0435712561011,0,0,0,
91660,4294967295,31.5086914856,120.401580047,33.336551059,-0.0208906624466,-0.0189964398742,-0.0487641356885,1.31209647655,1.09605525722e-05,3.88834405385e-06,0.0,0.00483602983877,0.00317143090069,0.996539533138,-0.148009762168,0.117254294455,0.0199836790562,0,0,0,
91670,4294967295,31.5086914856,120.401580047,33.336551059,-0.0208906624466,-0.0189964398742,-0.0487641356885,1.31209647655,1.09605525722e-05,3.88834405385e-06,0.0,0.00491815945134,0.00333275808953,0.996538162231,-0.153575479984,0.123356923461,0.0024762682151,0,0,0,
91680,4294967295,31.5086914856,120.401580047,33.336551059,-0.0208906624466,-0.0189964398742,-0.0487641356885,1.31209647655,1.09605525722e-05,3.88834405385e-06,0.0,0.0050871106796,0.00332967960276,0.996700763702,-0.142441093922,0.1352211833,0.0263467784971,0,0,0,
91690,4294967295,31.5086914856,120.401580047,33.336551059,-0.0208906624466,-0.0189964398742,-0.0487641356885,1.31209647655,1.09605525722e-05,3.88834405385e-06,0.0,0.00484607089311,0.0034934040159,0.996863901615,-0.113731771708,0.133758634329,0.0383366085589,0,0,0,
91700,4294967295,31.5086914856,120.401580047,33.336551059,-0.0208906624466,-0.0189964398742,-0.0487641356885,1.31209647655,1.09605525722e-05,3.88834405385e-06,0.0,0.00467629404739,0.00341487606056,0.996946275234,-0.126136526465,0.110604643822,0.0439167022705,0,0,0,
91710,4294967295,31.5086914856,120.401580047,33.336551059,-0.0208906624466,-0.0189964398742,-0.0487641356885,1.31209647655,1.09605525722e-05,3.88834405385e-06,0.0,0.00491851568222,0.0034153542947,0.996865928173,-0.142220854759,0.12807919085,0.0324023999274,0,0,0,
91720,4294967295,31.5086914856,120.401580047,33.336551059,-0.0208906624466,-0.0189964398742,-0.0487641356885,1.31209647655,1.09605525722e-05,3.88834405385e-06,0.0,0.00484086899087,0.00365911889821,0.996540248394,-0.143049135804,0.163876190782,0.0383366085589,0,0,0,
91730,4294967295,31.5086914856,120.401580047,33.336551059,-0.0208906624466,-0.0189964398742,-0.0487641356885,1.31209647655,1.09605525722e-05,3.88834405385e-06,0.0,0.00475797010586,0.00325182918459,0.99661976099,-0.112749546766,0.17527320981,0.0203730147332,0,0,0,
91740,4294967295,31.5086914856,120.401580047,33.336551059,-0.0208906624466,-0.0189964398742,-0.0487641356885,1.31209647655,1.09605525722e-05,3.88834405385e-06,0.0,0.00459307525307,0.003012745874,0.996863305569,-0.102164134383,0.145918518305,0.0202788840979,0,0,0,
91750,4294967295,31.5086914856,120.401580047,33.336551059,-0.0208906624466,-0.0189964398742,-0.0487641356885,1.31209647655,1.09605525722e-05,3.88834405385e-06,0.0,0.00451949844137,0.00358220399357,0.996864020824,-0.091830804944,0.127885401249,0.0263194981962,0,0,0,
91760,4294967295,31.5086914856,120.401580047,33.336551059,-0.0208906624466,-0.0189964398742,-0.0487641356885,1.31209647655,1.09605525722e-05,3.88834405385e-06,0.0,0.00468684034422,0.00406705541536,0.996700763702,-0.103199437261,0.140012040734,0.0617904998362,0,0,0,
91770,4294967295,31.5086914856,120.401580047,33.336551059,-0.0208906624466,-0.0189964398742,-0.0487641356885,1.31209647655,1.09605525722e-05,3.88834405385e-06,0.0,0.00525334989652,0.00373399420641,0.99653750658,-0.136296778917,0.140359476209,0.0617904998362,0,0,0,
91780,4294967295,31.5086914856,120.401580047,33.336551059,-0.0208906624466,-0.0189964398742,-0.0487641356885,1.31209647655,1.09605525722e-05,3.88834405385e-06,0.0,0.0050871106796,0.0032485157717,0.996700704098,-0.124113328755,0.128284782171,0.0263863410801,0,0,0,
91790,4294967295,31.5086914116,120.401580014,33.341832214,-0.0401632227004,0.00168059626594,-0.0552113577724,2.38351750374,1.09605525722e-05,3.88834405385e-06,0.0,0.00460027018562,0.00317379459739,0.997025191784,-0.107978664339,0.134174123406,0.0024762682151,0,0,0,
91800,4294967295,31.5086914116,120.401580014,33.341832214,-0.0401632227004,0.00168059626594,-0.0552113577724,2.38351750374,1.09605525722e-05,3.88834405385e-06,0.0,0.00476049212739,0.00341697665863,0.996781051159,-0.125331044197,0.146481528878,0.031918939203,0,0,0,
91810,4294967295,31.5086914116,120.401580014,33.341832214,-0.0401632227004,0.00168059626594,-0.0552113577724,2.38351750374,1.09605525722e-05,3.88834405385e-06,0.0,0.00476162368432,0.00365848257206,0.996456623077,-0.125128850341,0.152736082673,0.0324023999274,0,0,0,
91820,4294967295,31.5086914116,120.401580014,33.341832214,-0.0401632227004,0.00168059626594,-0.0552113577724,2.38351750374,1.09605525722e-05,3.88834405385e-06,0.0,0.00500583369285,0.00365360639989,0.996619880199,-0.136343553662,0.15802359581,0.0265077557415,0,0,0,
91830,4294967295,31.5086914116,120.401580014,33.341832214,-0.0401632227004,0.00168059626594,-0.0552113577724,2.38351750374,1.09605525722e-05,3.88834405385e-06,0.0,0.00484168995172,0.00357490521856,0.996538162231,-0.129907041788,0.134515792131,0.0383366085589,0,0,0,
91840,4294967295,31.5086914116,120.401580014,33.341832214,-0.0401632227004,0.00168059626594,-0.0552113577724,2.38351750374,1.09605525722e-05,3.88834405385e-06,0.0,0.00468276673928,0.003657795256,0.996538817883,-0.118672765791,0.116702638566,0.0732379555702,0,0,0,
91850,4294967295,31.5086914116,120.401580014,33.341832214,-0.0401632227004,0.00168059626594,-0.0552113577724,2.38351750374,1.09605525722e-05,3.88834405385e-06,0.0,0.00492943869904,0.0037362377625,0.996944248676,-0.13049338758,0.128902435303,0.0383215919137,0,0,0,
91860,4294967295,31.5086914116,120.401580014,33.341832214,-0.0401632227004,0.00168059626594,-0.0552113577724,2.38351750374,1.09605525722e-05,3.88834405385e-06,0.0,0.00476569356397,0.00373876467347,0.996942937374,-0.130326151848,0.134902983904,0.0204125754535,0,0,0,
91870,4294967295,31.5086914116,120.401580014,33.341832214,-0.0401632227004,0.00168059626594,-0.0552113577724,2.38351750374,1.09605525722e-05,3.88834405385e-06,0.0,0.00459664454684,0.00333584286273,0.996700704098,-0.113238200545,0.110753819346,0.0205067042261,0,0,0,
91880,4294967295,31.5086914116,120.401580014,33.341832214,-0.0401632227004,0.00168059626594,-0.0552113577724,2.38351750374,1.09605525722e-05,3.88834405385e-06,0.0,0.00483958050609,0.00333041511476,0.996864616871,-0.113694474101,0.12305342406,0.0324419625103,0,0,0,
91890,4294967295,31.5086914116,120.401580014,33.341832214,-0.0401632227004,0.00168059626594,-0.0552113577724,2.38351750374,1.09605525722e-05,3.88834405385e-06,0.0,0.00509147299454,0.00373150222003,0.996783018112,-0.125828400254,0.146720647812,0.0264136288315,0,0,0,
91900,4294967295,31.5086914116,120.401580014,33.341832214,-0.0401632227004,0.00168059626594,-0.0552113577724,2.38351750374,1.09605525722e-05,3.88834405385e-06,0.0,0.0050927749835,0.00389889837243,0.996782302856,-0.12572799623,0.122882775962,0.00858372729272,0,0,0,
91910,4294967295,31.5086914116,120.401580014,33.341832214,-0.0401632227004,0.00168059626594,-0.0552113577724,2.38351750374,1.09605525722e-05,3.88834405385e-06,0.0,0.00517051434144,0.00406276667491,0.996701419353,-0.135990098119,0.122974686325,0.0383366085589,0,0,0,
91920,4294967295,31.5086914116,120.401580014,33.341832214,-0.0401632227004,0.00168059626594,-0.0552113577724,2.38351750374,1.09605525722e-05,3.88834405385e-06,0.0,0.00499862479046,0.00341276754625,0.996538817883,-0.124257959425,0.146697208285,0.0552391372621,0,0,0,
91930,4294967295,31.5086914116,120.401580014,33.341832214,-0.0401632227004,0.00168059626594,-0.0552113577724,2.38351750374,1.09605525722e-05,3.88834405385e-06,0.0,0.00475549977273,0.0031659391243,0.996700048447,-0.112997941673,0.139930829406,0.055172290653,0,0,0,
91940,4294967295,31.5086914004,120.40157998,33.3456902122,-0.042507391423,-0.00498451013118,-0.0551203116775,1.31209361553,1.09605525722e-05,3.88834405385e-06,0.0,0.00492861727253,0.00373741704971,0.996943533421,-0.113809481263,0.116156026721,0.0378531366587,0,0,0,
91950,4294967295,31.5086914004,120.40157998,33.3456902122,-0.042507391423,-0.00498451013118,-0.0551203116775,1.31209361553,1.09605525722e-05,3.88834405385e-06,0.0,0.00484624132514,0.00390697782859,0.997025191784,-0.125919088721,0.116339921951,0.00263724243268,0,0,0,
91960,4294967295,31.5086914004,120.40157998,33.3456902122,-0.042507391423,-0.00498451013118,-0.0551203116775,1.31209361553,1.09605525722e-05,3.88834405385e-06,0.0,0.00468003004789,0.00374506250955,0.996781647205,-0.119121581316,0.122232317924,-0.0151653764769,0,0,0,
91970,4294967295,31.5086914004,120.40157998,33.3456902122,-0.042507391423,-0.00498451013118,-0.0551203116775,1.31209361553,1.09605525722e-05,3.88834405385e-06,0.0,0.00459751579911,0.00374542572536,0.996538162231,-0.11953663826,0.122208796442,0.00857144687325,0,0,0,
91980,4294967295,31.5086914004,120.40157998,33.3456902122,-0.042507391423,-0.00498451013118,-0.0551203116775,1.31209361553,1.09605525722e-05,3.88834405385e-06,0.0,0.00443982006982,0.00399235961959,0.996782362461,-0.124787971377,0.128573074937,0.0560723766685,0,0,0,
91990,4294967295,31.5086914004,120.40157998,33.3456902122,-0.042507391423,-0.00498451013118,-0.0551203116775,1.31209361553,1.09605525722e-05,3.88834405385e-06,0.0,0.00444261962548,0.00415179086849,0.997025191784,-0.130659803748,0.140572622418,0.0736589133739,0,0,0,
92000,4294967295,31.5086914004,120.40157998,33.3456902122,-0.042507391423,-0.00498451013118,-0.0551203116775,1.31209361553,1.09605525722e-05,3.88834405385e-06,0.0,0.00468112947419,0.00390116567723,0.997106134892,-0.130814447999,0.158680409193,0.0436381064355,0,0,0,
92010,4294967295,31.5086914004,120.40157998,33.3456902122,-0.042507391423,-0.00498451013118,-0.0551203116775,1.31209361553,1.09605525722e-05,3.88834405385e-06,0.0,0.00492298044264,0.00357488053851,0.996944189072,-0.118704497814,0.15200766921,0.0320482924581,0,0,0,
92020,4294967295,31.5086914004,120.40157998,33.3456902122,-0.042507391423,-0.00498451013118,-0.0551203116775,1.31209361553,1.09605525722e-05,3.88834405385e-06,0.0,0.00517036160454,0.00348961353302,0.996701419353,-0.107388734818,0.116481766105,0.0255839992315,0,0,0,
92030,4294967295,31.5086914004,120.40157998,33.3456902122,-0.042507391423,-0.00498451013118,-0.0551203116775,1.31209361553,1.09605525722e-05,3.88834405385e-06,0.0,0.00492777395993,0.00365468673408,0.996782302856,-0.125167533755,0.116420723498,0.0324146784842,0,0,0,
92040,4294967295,31.5086914004,120.40157998,33.3456902122,-0.042507391423,-0.00498451013118,-0.0551203116775,1.31209361553,1.09605525722e-05,3.88834405385e-06,0.0,0.00476445956156,0.00398376304656,0.996537446976,-0.102602124214,0.116114348173,0.00854416377842,0,0,0,
92050,4294967295,31.5086914004,120.40157998,33.3456902122,-0.042507391423,-0.00498451013118,-0.0551203116775,1.31209361553,1.09605525722e-05,3.88834405385e-06,0.0,0.00491935526952,0.00341383670457,0.996375143528,-0.12002492696,0.128404021263,0.0141163188964,0,0,0,
92060,4294967295,31.5086914004,120.40157998,33.3456902122,-0.042507391423,-0.00498451013118,-0.0551203116775,1.31209361553,1.09605525722e-05,3.88834405385e-06,0.0,0.00483400793746,0.00325312651694,0.996376276016,-0.159861341119,0.146368995309,0.054806958884,0,0,0,
92070,4294967295,31.5086914004,120.40157998,33.3456902122,-0.042507391423,-0.00498451013118,-0.0551203116775,1.31209361553,1.09605525722e-05,3.88834405385e-06,0.0,0.00483443494886,0.00333345937543,0.996539533138,-0.147618070245,0.147017911077,0.0490801818669,0,0,0,
92080,4294967295,31.5086914004,120.40157998,33.3456902122,-0.042507391423,-0.00498451013118,-0.0551203116775,1.31209361553,1.09605525722e-05,3.88834405385e-06,0.0,0.00467349076644,0.00316958571784,0.996946156025,-0.147162869573,0.164737433195,0.0434957556427,0,0,0,
92090,4294967295,31.5086914004,120.40157998,33.3456902122,-0.042507391423,-0.00498451013118,-0.0551203116775,1.31209361553,1.09605525722e-05,3.88834405385e-06,0.0,0.00475597707555,0.00300689041615,0.996945559978,-0.165412276983,0.1762894243,0.0557851158082,0,0,0,
92100,4294967295,31.5086914004,120.40157998,33.3456902122,-0.042507391423,-0.00498451013118,-0.0551203116775,1.31209361553,1.09605525722e-05,3.88834405385e-06,0.0,0.00500024715438,0.0030885564629,0.996782362461,-0.165041953325,0.176027357578,0.0620734319091,0,0,0,
92110,4294967295,31.5086914004,120.40157998,33.3456902122,-0.042507391423,-0.00498451013118,-0.0551203116775,1.31209361553,1.09605525722e-05,3.88834405385e-06,0.0,0.00484210671857,0.00349622406065,0.996781647205,-0.159038305283,0.164187654853,0.0502172932029,0,0,0,
92120,4294967295,31.5086914004,120.40157998,33.3456902122,-0.042507391423,-0.00498451013118,-0.0551203116775,1.31209361553,1.09605525722e-05,3.88834405385e-06,0.0,0.00500871194527,0.00365650723688,0.997025191784,-0.135698750615,0.140251547098,0.0204794220626,0,0,0,
92130,4294967295,31.5086914004,120.40157998,33.3456902122,-0.042507391423,-0.00498451013118,-0.0551203116775,1.31209361553,1.09605525722e-05,3.88834405385e-06,0.0,0.0051676039584,0.00349078211002,0.996863305569,-0.130871862173,0.11671795696,-0.00932529848069,0,0,0,
92140,4294967295,31.5086914004,120.40157998,33.3456902122,-0.042507391423,-0.00498451013118,-0.0551203116775,1.31209361553,1.09605525722e-05,3.88834405385e-06,0.0,0.00483964057639,0.00341214612126,0.996538817883,-0.143169298768,0.129159018397,0.0204002987593,0,0,0,
92150,4294967295,31.5086914004,120.40157998,33.3456902122,-0.042507391423,-0.00498451013118,-0.0551203116775,1.31209361553,1.09605525722e-05,3.88834405385e-06,0.0,0.00500335358083,0.0033292863518,0.996538877487,-0.124731384218,0.158760011196,0.0495054647326,0,0,0,
92160,4294967295,31.5086914004,120.40157998,33.3456902122,-0.042507391423,-0.00498451013118,-0.0551203116775,1.31209361553,1.09605525722e-05,3.88834405385e-06,0.0,0.00492413016036,0.00341277825646,0.996538877487,-0.124915994704,0.146516770124,0.0439878813922,0,0,0,
92170,4294967295,31.5086914004,120.40157998,33.3456902122,-0.042507391423,-0.00498451013118,-0.0551203116775,1.31209361553,1.09605525722e-05,3.88834405385e-06,0.0,0.00476204045117,0.00333343609236,0.996782362461,-0.148070037365,0.158320739865,0.0443376637995,0,0,0,
92180,4294967295,31.5086904287,120.401581514,33.3486058312,-0.0106523996219,-0.0239275991917,-0.0432283766568,2.38352203369,1.09605525722e-05,3.88834405385e-06,0.0,0.00451699038967,0.00341797131114,0.996944904327,-0.13018707931,0.158014431596,0.0502050220966,0,0,0,
92190,4294967295,31.5086904287,120.401581514,33.3486058312,-0.0106523996219,-0.0239275991917,-0.0432283766568,2.38352203369,1.09605525722e-05,3.88834405385e-06,0.0,0.00459941243753,0.00349594070576,0.996863305569,-0.12495354563,0.140271887183,0.0262799356133,0,0,0,
92200,4294967295,31.5086904287,120.401581514,33.3486058312,-0.0106523996219,-0.0239275991917,-0.0432283766568,2.38352203369,1.09605525722e-05,3.88834405385e-06,0.0,0.00443361466751,0.00325278867967,0.996538817883,-0.143011152744,0.123531840742,0.0203457269818,0,0,0,
92210,4294967295,31.5086904287,120.401581514,33.3486058312,-0.0106523996219,-0.0239275991917,-0.0432283766568,2.38352203369,1.09605525722e-05,3.88834405385e-06,0.0,0.00484323455021,0.00316728255711,0.996701419353,-0.137053757906,0.105247274041,0.0204671435058,0,0,0,
92220,4294967295,31.5086904287,120.401581514,33.3486058312,-0.0106523996219,-0.0239275991917,-0.0432283766568,2.38352203369,1.09605525722e-05,3.88834405385e-06,0.0,0.00501347379759,0.0035725038033,0.996619045734,-0.102147683501,0.110804341733,0.0435712561011,0,0,0,
92230,4294967295,31.5086904287,120.401581514,33.3486058312,-0.0106523996219,-0.0239275991917,-0.0432283766568,2.38352203369,1.09605525722e-05,3.88834405385e-06,0.0,0.00541816884652,0.00364750809968,0.996538162231,-0.130877777934,0.110614717007,0.0498552434146,0,0,0,
92240,4294967295,31.5086904287,120.401581514,33.3486058312,-0.0106523996219,-0.0239275991917,-0.0432283766568,2.38352203369,1.09605525722e-05,3.88834405385e-06,0.0,0.00525849452242,0.0041376920417,0.996944248676,-0.160162493587,0.12329338491,0.0561787858605,0,0,0,
92250,4294967295,31.5086904287,120.401581514,33.3486058312,-0.0106523996219,-0.0239275991917,-0.0432283766568,2.38352203369,1.09605525722e-05,3.88834405385e-06,0.0,0.00468876538798,0.00406237924471,0.996863305569,-0.148453235626,0.116800248623,0.0557578317821,0,0,0,
92260,4294967295,31.5086904287,120.401581514,33.3486058312,-0.0106523996219,-0.0239275991917,-0.0432283766568,2.38352203369,1.09605525722e-05,3.88834405385e-06,0.0,0.00525003997609,0.00340690254234,0.996782362461,-0.141601741314,0.152576461434,0.0439878739417,0,0,0,
92270,4294967295,31.5086904287,120.401581514,33.3486058312,-0.0106523996219,-0.0239275991917,-0.0432283766568,2.38352203369,1.09605525722e-05,3.88834405385e-06,0.0,0.00476407958195,0.00358007964678,0.996782302856,-0.118242584169,0.140078902245,0.0257686432451,0,0,0,
92280,4294967295,31.5086904287,120.401581514,33.3486058312,-0.0106523996219,-0.0239275991917,-0.0432283766568,2.38352203369,1.09605525722e-05,3.88834405385e-06,0.0,0.00436417991295,0.00423502922058,0.99661976099,-0.112936377525,0.116120658815,0.0435712561011,0,0,0,
92290,4294967295,31.5086904287,120.401581514,33.3486058312,-0.0106523996219,-0.0239275991917,-0.0432283766568,2.38352203369,1.09605525722e-05,3.88834405385e-06,0.0,0.00444015441462,0.00398882245645,0.996213257313,-0.114346280694,0.122398257256,0.0379199869931,0,0,0,
92300,4294967295,31.5086904287,120.401581514,33.3486058312,-0.0106523996219,-0.0239275991917,-0.0432283766568,2.38352203369,1.09605525722e-05,3.88834405385e-06,0.0,0.0045905453153,0.00284382724203,0.996375262737,-0.120107062161,0.122643180192,0.0265077557415,0,0,0,
92310,4294967295,31.5086904287,120.401581514,33.3486058312,-0.0106523996219,-0.0239275991917,-0.0432283766568,2.38352203369,1.09605525722e-05,3.88834405385e-06,0.0,0.00500656710938,0.00316394004039,0.996781647205,-0.119560182095,0.123117052019,0.0380536802113,0,0,0,
92320,4294967295,31.5086904287,120.401581514,33.3486058312,-0.0106523996219,-0.0239275991917,-0.0432283766568,2.38352203369,1.09605525722e-05,3.88834405385e-06,0.0,0.00485323322937,0.00405845418572,0.996783018112,-0.120062239468,0.140527531505,0.0443376637995,0,0,0,
92330,4294967295,31.5086904283,120.40158144,33.3513042945,-0.0010353946127,-0.033558499068,-0.0395370237529,1.5008187294,1.09605525722e-05,3.88834405385e-06,0.0,0.00485574500635,0.00438612280414,0.997026503086,-0.124216891825,0.163041755557,0.0263740662485,0,0,0,
92340,4294967295,31.5086904283,120.40158144,33.3513042945,-0.0010353946127,-0.033558499068,-0.0395370237529,1.5008187294,1.09605525722e-05,3.88834405385e-06,0.0,0.00493348482996,0.00398061936721,0.996942818165,-0.136014819145,0.146712467074,0.0379868298769,0,0,0,
92350,4294967295,31.5086904283,120.40158144,33.3513042945,-0.0010353946127,-0.033558499068,-0.0395370237529,1.5008187294,1.09605525722e-05,3.88834405385e-06,0.0,0.00476043159142,0.00317038688809,0.996780335903,-0.130764842033,0.129106730223,0.0324692502618,0,0,0,
92360,4294967295,31.5086904283,120.40158144,33.3513042945,-0.0010353946127,-0.033558499068,-0.0395370237529,1.5008187294,1.09605525722e-05,3.88834405385e-06,0.0,0.00484446203336,0.00341309118085,0.996782362461,-0.124792292714,0.128378838301,0.0264804698527,0,0,0,
92370,4294967295,31.5086904283,120.40158144,33.3513042945,-0.0010353946127,-0.033558499068,-0.0395370237529,1.5008187294,1.09605525722e-05,3.88834405385e-06,0.0,0.00484650069848,0.00390133052133,0.996701419353,-0.130470991135,0.146237611771,0.0264531895518,0,0,0,
92380,4294967295,31.5086904283,120.40158144,33.3513042945,-0.0010353946127,-0.033558499068,-0.0395370237529,1.5008187294,1.09605525722e-05,3.88834405385e-06,0.0,0.00483971880749,0.00349731906317,0.996700048447,-0.13049800694,0.134478330612,0.0383366085589,0,0,0,
92390,4294967295,31.5086904283,120.40158144,33.3513042945,-0.0010353946127,-0.033558499068,-0.0395370237529,1.5008187294,1.09605525722e-05,3.88834405385e-06,0.0,0.00459382636473,0.00325425155461,0.996376276016,-0.124720960855,0.117201521993,0.0025035534054,0,0,0,
92400,4294967295,31.5086904283,120.40158144,33.3513042945,-0.0010353946127,-0.033558499068,-0.0395370237529,1.5008187294,1.09605525722e-05,3.88834405385e-06,0.0,0.00451138615608,0.00333687756211,0.996376991272,-0.123845778406,0.122574828565,0.0204671435058,0,0,0,
92410,4294967295,31.5086904283,120.40158144,33.3513042945,-0.0010353946127,-0.033558499068,-0.0395370237529,1.5008187294,1.09605525722e-05,3.88834405385e-06,0.0,0.00459798891097,0.00366357597522,0.996863305569,-0.123451068997,0.169409200549,0.0435669310391,0,0,0,
92420,4294967295,31.5086904283,120.40158144,33.3513042945,-0.0010353946127,-0.033558499068,-0.0395370237529,1.5008187294,1.09605525722e-05,3.88834405385e-06,0.0,0.00492387032136,0.00349612464197,0.996781051159,-0.0959458649158,0.151046216488,0.0376370549202,0,0,0,
92430,4294967295,31.5086904283,120.40158144,33.3513042945,-0.0010353946127,-0.033558499068,-0.0395370237529,1.5008187294,1.09605525722e-05,3.88834405385e-06,0.0,0.0050013968721,0.00316831632517,0.996781647205,-0.114055044949,0.122205637395,0.0610909461975,0,0,0,
92440,4294967295,31.5086904283,120.40158144,33.3513042945,-0.0010353946127,-0.033558499068,-0.0395370237529,1.5008187294,1.09605525722e-05,3.88834405385e-06,0.0,0.00467500602826,0.00308652617969,0.996781647205,-0.124802403152,0.12294536829,0.0613695420325,0,0,0,
92450,4294967295,31.5086904283,120.40158144,33.3513042945,-0.0010353946127,-0.033558499068,-0.0395370237529,1.5008187294,1.09605525722e-05,3.88834405385e-06,0.0,0.00459702499211,0.00349677656777,0.996700704098,-0.118337124586,0.128741562366,0.0557851158082,0,0,0,
92460,4294967295,31.5086904283,120.40158144,33.3513042945,-0.0010353946127,-0.033558499068,-0.0395370237529,1.5008187294,1.09605525722e-05,3.88834405385e-06,0.0,0.00476689310744,0.00390408211388,0.996538162231,-0.147342428565,0.140921637416,0.0438621304929,0,0,0,
92470,4294967295,31.5086904283,120.40158144,33.3513042945,-0.0010353946127,-0.033558499068,-0.0395370237529,1.5008187294,1.09605525722e-05,3.88834405385e-06,0.0,0.00492546474561,0.00365991983563,0.996701419353,-0.130188882351,0.128745257854,0.0498236268759,0,0,0,
92480,4294967295,31.5086904117,120.401581566,33.3519678768,0.00414020800963,-0.0328384898603,-0.029557865113,1.5008187294,1.09605525722e-05,3.88834405385e-06,0.0,0.00517050037161,0.00373746710829,0.996863305569,-0.135911688209,0.128090530634,0.049850910902,0,0,0,
92490,4294967295,31.5086904117,120.401581566,33.3519678768,0.00414020800963,-0.0328384898603,-0.029557865113,1.5008187294,1.09605525722e-05,3.88834405385e-06,0.0,0.00501073384658,0.00357374199666,0.996943533421,-0.142330169678,0.122343935072,0.0382029153407,0,0,0,
92500,4294967295,31.5086904117,120.401581566,33.3519678768,0.00414020800963,-0.0328384898603,-0.029557865113,1.5008187294,1.09605525722e-05,3.88834405385e-06,0.0,0.00459912093356,0.00333662424237,0.996781051159,-0.147701606154,0.140036404133,0.0263345055282,0,0,0,
92510,4294967295,31.5086904117,120.401581566,33.3519678768,0.00414020800963,-0.0328384898603,-0.029557865113,1.5008187294,1.09605525722e-05,3.88834405385e-06,0.0,0.00435128482059,0.0031789727509,0.997187793255,-0.15394487977,0.140232101083,0.0144660938531,0,0,0,
92520,4294967295,31.5086904117,120.401581566,33.3519678768,0.00414020800963,-0.0328384898603,-0.029557865113,1.5008187294,1.09605525722e-05,3.88834405385e-06,0.0,0.00443655671552,0.00366275501437,0.99702590704,-0.13026368618,0.139861628413,0.00841047521681,0,0,0,
92530,4294967295,31.5086904117,120.401581566,33.3519678768,0.00414020800963,-0.0328384898603,-0.029557865113,1.5008187294,1.09605525722e-05,3.88834405385e-06,0.0,0.00468352111056,0.00414546765387,0.996295273304,-0.123929433525,0.134090602398,0.0264136288315,0,0,0,
92540,4294967295,31.5086904117,120.401581566,33.3519678768,0.00414020800963,-0.0328384898603,-0.029557865113,1.5008187294,1.09605525722e-05,3.88834405385e-06,0.0,0.00508749485016,0.00349280214868,0.996538817883,-0.135925471783,0.116435676813,0.0204794220626,0,0,0,
92550,4294967295,31.5086904117,120.401581566,33.3519678768,0.00414020800963,-0.0328384898603,-0.029557865113,1.5008187294,1.09605525722e-05,3.88834405385e-06,0.0,0.00516677461565,0.00308322347701,0.996701419353,-0.124290086329,0.10445009917,0.00260995700955,0,0,0,
92560,4294967295,31.5086904117,120.401581566,33.3519678768,0.00414020800963,-0.0328384898603,-0.029557865113,1.5008187294,1.09605525722e-05,3.88834405385e-06,0.0,0.0048481663689,0.00365897943266,0.996538162231,-0.130368441343,0.115978762507,0.026401348412,0,0,0,
92570,4294967295,31.5086904117,120.401581566,33.3519678768,0.00414020800963,-0.0328384898603,-0.029557865113,1.5008187294,1.09605525722e-05,3.88834405385e-06,0.0,0.00477537279949,0.00422747293487,0.996862649918,-0.137297913432,0.133412793279,0.0382697582245,0,0,0,
92580,4294967295,31.5086904117,120.401581566,33.3519678768,0.00414020800963,-0.0328384898603,-0.029557865113,1.5008187294,1.09605525722e-05,3.88834405385e-06,0.0,0.00452509941533,0.00390342553146,0.996863305569,-0.159571409225,0.152766302228,0.0203730147332,0,0,0,
92590,4294967295,31.5086904117,120.401581566,33.3519678768,0.00414020800963,-0.0328384898603,-0.029557865113,1.5008187294,1.09605525722e-05,3.88834405385e-06,0.0,0.00451259221882,0.00301058706827,0.996782362461,-0.142240270972,0.12295524776,0.0144660938531,0,0,0,
92600,4294967295,31.5086904117,120.401581566,33.3519678768,0.00414020800963,-0.0328384898603,-0.029557865113,1.5008187294,1.09605525722e-05,3.88834405385e-06,0.0,0.00475153652951,0.002601680113,0.997107505798,-0.136599749327,0.122741393745,0.0256349537522,0,0,0,
92610,4294967295,31.5086904117,120.401581566,33.3519678768,0.00414020800963,-0.0328384898603,-0.029557865113,1.5008187294,1.09605525722e-05,3.88834405385e-06,0.0,0.00500911055133,0.00365625321865,0.997351646423,-0.142221853137,0.140784665942,0.0617904998362,0,0,0,
92620,4294967295,31.5086904117,120.401581566,33.3519678768,0.00414020800963,-0.0328384898603,-0.029557865113,1.5008187294,1.09605525722e-05,3.88834405385e-06,0.0,0.00509920436889,0.00438651628792,0.996864020824,-0.154114991426,0.152718767524,0.0672325715423,0,0,0,
92630,4294967295,31.5086904117,120.401581566,33.3519678768,0.00414020800963,-0.0328384898603,-0.029557865113,1.5008187294,1.09605525722e-05,3.88834405385e-06,0.0,0.00500822532922,0.00349226989783,0.996782302856,-0.153526321054,0.152904063463,0.0384034477174,0,0,0,
92640,4294967295,31.5086904117,120.401581566,33.3519678768,0.00414020800963,-0.0328384898603,-0.029557865113,1.5008187294,1.09605525722e-05,3.88834405385e-06,0.0,0.0050843427889,0.00308905984275,0.996782302856,-0.136466547847,0.128731235862,0.0499220825732,0,0,0,
92650,4294967295,31.5086904171,120.401581553,33.3539091609,0.00216407096013,-0.0340139903128,-0.0204377453774,1.3120868206,1.09605525722e-05,3.88834405385e-06,0.0,0.00517129758373,0.00357702630572,0.99661976099,-0.131537377834,0.110787473619,0.0550230480731,0,0,0,
92660,4294967295,31.5086904171,120.401581553,33.3539091609,0.00216407096013,-0.0340139903128,-0.0204377453774,1.3120868206,1.09605525722e-05,3.88834405385e-06,0.0,0.00501428823918,0.0042240745388,0.996376276016,-0.136454775929,0.139960497618,0.0379199869931,0,0,0,
92670,4294967295,31.5086904171,120.401581553,33.3539091609,0.00216407096013,-0.0340139903128,-0.0204377453774,1.3120868206,1.09605525722e-05,3.88834405385e-06,0.0,0.00493301171809,0.00422428874299,0.996700704098,-0.124816946685,0.134090557694,0.0145056545734,0,0,0,
92680,4294967295,31.5086904171,120.401581553,33.3539091609,0.00216407096013,-0.0340139903128,-0.0204377453774,1.3120868206,1.09605525722e-05,3.88834405385e-06,0.0,0.00516800256446,0.0034097339958,0.996863305569,-0.136806190014,0.105092354119,0.0324023999274,0,0,0,
92690,4294967295,31.5086904171,120.401581553,33.3539091609,0.00216407096013,-0.0340139903128,-0.0204377453774,1.3120868206,1.09605525722e-05,3.88834405385e-06,0.0,0.00516320951283,0.00316674541682,0.996781647205,-0.148379996419,0.111375741661,0.061298366636,0,0,0,
92700,4294967295,31.5086904171,120.401581553,33.3539091609,0.00216407096013,-0.0340139903128,-0.0204377453774,1.3120868206,1.09605525722e-05,3.88834405385e-06,0.0,0.00484499940649,0.00374140660278,0.996619880199,-0.129904106259,0.140566051006,0.0438348501921,0,0,0,
92710,4294967295,31.5086904171,120.401581553,33.3539091609,0.00216407096013,-0.0340139903128,-0.0204377453774,1.3120868206,1.09605525722e-05,3.88834405385e-06,0.0,0.00500551378354,0.00357567239553,0.996538817883,-0.141685724258,0.158099025488,0.0379006415606,0,0,0,
92720,4294967295,31.5086904171,120.401581553,33.3539091609,0.00216407096013,-0.0340139903128,-0.0204377453774,1.3120868206,1.09605525722e-05,3.88834405385e-06,0.0,0.00517000956461,0.00340967415832,0.996538817883,-0.15911334753,0.15922126174,0.0382424779236,0,0,0,
92730,4294967295,31.5086904171,120.401581553,33.3539091609,0.00216407096013,-0.0340139903128,-0.0204377453774,1.3120868206,1.09605525722e-05,3.88834405385e-06,0.0,0.00475674169138,0.00317027210258,0.9967020154,-0.154070198536,0.129063293338,0.0437205061316,0,0,0,
92740,4294967295,31.5086904171,120.401581553,33.3539091609,0.00216407096013,-0.0340139903128,-0.0204377453774,1.3120868206,1.09605525722e-05,3.88834405385e-06,0.0,0.00492338323966,0.00365903414786,0.996783733368,-0.124647460878,0.122645772994,0.0318520888686,0,0,0,
92750,4294967295,31.5086904171,120.401581553,33.3539091609,0.00216407096013,-0.0340139903128,-0.0204377453774,1.3120868206,1.09605525722e-05,3.88834405385e-06,0.0,0.00541838211939,0.00414237892255,0.996864020824,-0.119307249784,0.164343222976,0.0262676607817,0,0,0,
92760,4294967295,31.5086904171,120.401581553,33.3539091609,0.00216407096013,-0.0340139903128,-0.0204377453774,1.3120868206,1.09605525722e-05,3.88834405385e-06,0.0,0.00476376945153,0.00374290905893,0.996861934662,-0.142090752721,0.170809954405,0.0145179321989,0,0,0,
92770,4294967295,31.5086904171,120.401581553,33.3539091609,0.00216407096013,-0.0340139903128,-0.0204377453774,1.3120868206,1.09605525722e-05,3.88834405385e-06,0.0,0.00458701187745,0.00268706679344,0.996618449688,-0.13115888834,0.134825974703,0.0205462686718,0,0,0,
92780,4294967295,31.5086904171,120.401581553,33.3539091609,0.00216407096013,-0.0340139903128,-0.0204377453774,1.3120868206,1.09605525722e-05,3.88834405385e-06,0.0,0.0048379865475,0.00292471703142,0.996537029743,-0.119153380394,0.116335555911,0.0439210385084,0,0,0,
92790,4294967295,31.5086904365,120.401581496,33.3557700654,-0.000532774662133,-0.0341324433684,-0.0170257631689,1.31208586693,1.09605525722e-05,3.88834405385e-06,0.0,0.00493582570925,0.00414198590443,0.99678093195,-0.102035284042,0.122662581503,0.0495723076165,0,0,0,
92800,4294967295,31.5086904365,120.401581496,33.3557700654,-0.000532774662133,-0.0341324433684,-0.0170257631689,1.31208586693,1.09605525722e-05,3.88834405385e-06,0.0,0.0048441416584,0.00365967582911,0.996699333191,-0.101090818644,0.1460031569,0.0610197708011,0,0,0,
92810,4294967295,31.5086904365,120.401581496,33.3557700654,-0.000532774662133,-0.0341324433684,-0.0170257631689,1.31208586693,1.09605525722e-05,3.88834405385e-06,0.0,0.00467959977686,0.0034162204247,0.997025191784,-0.135639667511,0.158619984984,0.0442039705813,0,0,0,
92820,4294967295,31.5086904365,120.401581496,33.3557700654,-0.000532774662133,-0.0341324433684,-0.0170257631689,1.31208586693,1.09605525722e-05,3.88834405385e-06,0.0,0.00484339147806,0.00333561934531,0.99702578783,-0.153203397989,0.146995306015,0.0501381792128,0,0,0,
92830,4294967295,31.5086904365,120.401581496,33.3557700654,-0.000532774662133,-0.0341324433684,-0.0170257631689,1.31208586693,1.09605525722e-05,3.88834405385e-06,0.0,0.00499908393249,0.00309020816348,0.996700763702,-0.147620633245,0.15309163928,0.0442708134651,0,0,0,
92840,4294967295,31.5086904365,120.401581496,33.3557700654,-0.000532774662133,-0.0341324433684,-0.0170257631689,1.31208586693,1.09605525722e-05,3.88834405385e-06,0.0,0.00492140511051,0.00325063499622,0.996618449688,-0.135724946856,0.140782088041,0.0024762682151,0,0,0,
92850,4294967295,31.5086904365,120.401581496,33.3557700654,-0.000532774662133,-0.0341324433684,-0.0170257631689,1.31208586693,1.09605525722e-05,3.88834405385e-06,0.0,0.00483696162701,0.00317398807965,0.996375143528,-0.153928920627,0.140645086765,0.00243671005592,0,0,0,
92860,4294967295,31.5086904365,120.401581496,33.3557700654,-0.000532774662133,-0.0341324433684,-0.0170257631689,1.31208586693,1.09605525722e-05,3.88834405385e-06,0.0,0.00499781407416,0.00284417532384,0.99661976099,-0.148481950164,0.111192785203,0.0204002987593,0,0,0,
92870,4294967295,31.5086904365,120.401581496,33.3557700654,-0.000532774662133,-0.0341324433684,-0.0170257631689,1.31208586693,1.09605525722e-05,3.88834405385e-06,0.0,0.00493222847581,0.00381813198328,0.997189700603,-0.14847035706,0.111340291798,0.00811526738107,0,0,0,
92880,4294967295,31.5086904365,120.401581496,33.3557700654,-0.000532774662133,-0.0341324433684,-0.0170257631689,1.31208586693,1.09605525722e-05,3.88834405385e-06,0.0,0.00485139712691,0.00414524413645,0.996945559978,-0.154666572809,0.111305527389,0.0315691567957,0,0,0,
92890,4294967295,31.5086904365,120.401581496,33.3557700654,-0.000532774662133,-0.0341324433684,-0.0170257631689,1.31208586693,1.09605525722e-05,3.88834405385e-06,0.0,0.00557647645473,0.00373268616386,0.996781647205,-0.142757937312,0.105083152652,0.0673749297857,0,0,0,
92900,4294967295,31.5086904365,120.401581496,33.3557700654,-0.000532774662133,-0.0341324433684,-0.0170257631689,1.31208586693,1.09605525722e-05,3.88834405385e-06,0.0,0.00525266258046,0.00406352384016,0.997025191784,-0.153771579266,0.1346770823,0.0613070316613,0,0,0,
92910,4294967295,31.5086904365,120.401581496,33.3557700654,-0.000532774662133,-0.0341324433684,-0.0170257631689,1.31208586693,1.09605525722e-05,3.88834405385e-06,0.0,0.00459789624438,0.00366065558046,0.99702590704,-0.130031049252,0.168981820345,0.0501108951867,0,0,0,
92920,4294967295,31.5086904365,120.401581496,33.3557700654,-0.000532774662133,-0.0341324433684,-0.0170257631689,1.31208586693,1.09605525722e-05,3.88834405385e-06,0.0,0.00499484268948,0.00259462022223,0.996700704098,-0.107966274023,0.128121718764,0.0382151901722,0,0,0,
92930,4294967295,31.5086904365,120.401581496,33.3557700654,-0.000532774662133,-0.0341324433684,-0.0170257631689,1.31208586693,1.09605525722e-05,3.88834405385e-06,0.0,0.00524920038879,0.00332480855286,0.99661976099,-0.102794371545,0.116880707443,0.0324023999274,0,0,0,
92940,4294967295,31.5086904365,120.401581496,33.3557700654,-0.000532774662133,-0.0341324433684,-0.0170257631689,1.31208586693,1.09605525722e-05,3.88834405385e-06,0.0,0.0050086802803,0.00390058406629,0.996456563473,-0.130939796567,0.134344577789,0.0380536802113,0,0,0,
92950,4294967295,31.5086904365,120.401581496,33.3557700654,-0.000532774662133,-0.0341324433684,-0.0170257631689,1.31208586693,1.09605525722e-05,3.88834405385e-06,0.0,0.00492620794103,0.00365419406444,0.996536672115,-0.13017976284,0.133726879954,0.055506516248,0,0,0,
92960,4294967295,31.5086904365,120.401581496,33.3557700654,-0.000532774662133,-0.0341324433684,-0.0170257631689,1.31208586693,1.09605525722e-05,3.88834405385e-06,0.0,0.00484652910382,0.00398200144991,0.996781051159,-0.119049437344,0.122304581106,0.0558562912047,0,0,0,
92970,4294967295,31.5086904365,120.401581496,33.3557700654,-0.000532774662133,-0.0341324433684,-0.0170257631689,1.31208586693,1.09605525722e-05,3.88834405385e-06,0.0,0.0048489482142,0.00438876869157,0.99710804224,-0.137471690774,0.11114256829,0.0319857783616,0,0,0,
92980,4294967295,31.5086904365,120.401581496,33.3557700654,-0.000532774662133,-0.0341324433684,-0.0170257631689,1.31208586693,1.09605525722e-05,3.88834405385e-06,0.0,0.00541384844109,0.00373219768517,0.997433185577,-0.124442830682,0.110775798559,0.00853188894689,0,0,0,
92990,4294967295,31.5086904365,120.401581496,33.3557700654,-0.000532774662133,-0.0341324433684,-0.0170257631689,1.31208586693,1.09605525722e-05,3.88834405385e-06,0.0,0.00532811740413,0.00324522703886,0.997026622295,-0.106531314552,0.127213120461,0.0144660957158,0,0,0,
93000,4294967295,31.5086904365,120.401581496,33.3557700654,-0.000532774662133,-0.0341324433684,-0.0170257631689,1.31208586693,1.09605525722e-05,3.88834405385e-06,0.0,0.00459625618532,0.0031717994716,0.996618449688,-0.112408347428,0.133566051722,0.0324023999274,0,0,0,
93010,4294967295,31.5086904365,120.401581496,33.3557700654,-0.000532774662133,-0.0341324433684,-0.0170257631689,1.31208586693,1.09605525722e-05,3.88834405385e-06,0.0,0.00484129181132,0.0029250907246,0.997023820877,-0.136256426573,0.129144668579,0.0265350397676,0,0,0,
93020,4294967295,31.5086904365,120.401581496,33.3557700654,-0.000532774662133,-0.0341324433684,-0.0170257631689,1.31208586693,1.09605525722e-05,3.88834405385e-06,0.0,0.00492990156636,0.00365775614046,0.997105419636,-0.143308371305,0.123205073178,0.025701796636,0,0,0,
93030,4294967295,31.5086904365,120.401581496,33.3557700654,-0.000532774662133,-0.0341324433684,-0.0170257631689,1.31208586693,1.09605525722e-05,3.88834405385e-06,0.0,0.0046043866314,0.00406907033175,0.99653750658,-0.137307837605,0.163409009576,0.0379868298769,0,0,0,
93040,4294967295,31.5086904365,120.401581496,33.3557700654,-0.000532774662133,-0.0341324433684,-0.0170257631689,1.31208586693,1.09605525722e-05,3.88834405385e-06,0.0,0.00500505464152,0.00341373798437,0.996701419353,-0.13054035604,0.163673862815,0.0442039705813,0,0,0,
93050,4294967295,31.5086904365,120.401581496,33.3557700654,-0.000532774662133,-0.0341324433684,-0.0170257631689,1.31208586693,1.09605525722e-05,3.88834405385e-06,0.0,0.00492780609056,0.00365661643445,0.996700704098,-0.113615751266,0.140513166785,0.0322018675506,0,0,0,
93060,4294967295,31.5086904365,120.401581496,33.3557700654,-0.000532774662133,-0.0341324433684,-0.0170257631689,1.31208586693,1.09605525722e-05,3.88834405385e-06,0.0,0.00460709398612,0.00406411522999,0.996863305569,-0.136879011989,0.111247770488,0.0502050220966,0,0,0,
93070,4294967295,31.5086904365,120.401581496,33.3557700654,-0.000532774662133,-0.0341324433684,-0.0170257631689,1.31208586693,1.09605525722e-05,3.88834405385e-06,0.0,0.00476318551227,0.00341266370378,0.996944904327,-0.148312732577,0.110700763762,0.061298366636,0,0,0,
93080,4294967295,31.5086904365,120.401581496,33.3557700654,-0.000532774662133,-0.0341324433684,-0.0170257631689,1.31208586693,1.09605525722e-05,3.88834405385e-06,0.0,0.00483974767849,0.00300881150179,0.99702578783,-0.13584177196,0.140167027712,0.0383366122842,0,0,0,
93090,4294967295,31.5086904365,120.401581496,33.3557700654,-0.000532774662133,-0.0341324433684,-0.0170257631689,1.31208586693,1.09605525722e-05,3.88834405385e-06,0.0,0.00459391856566,0.00333873811178,0.996863901615,-0.13646543026,0.158183023334,0.0143324062228,0,0,0,
93100,4294967295,31.5086904365,120.401581496,33.3557700654,-0.000532774662133,-0.0341324433684,-0.0170257631689,1.31208586693,1.09605525722e-05,3.88834405385e-06,0.0,0.00459306081757,0.00349855236709,0.996864020824,-0.124752365053,0.146892353892,0.00833135377616,0,0,0,
93110,4294967295,31.5086904365,120.401581496,33.3557700654,-0.000532774662133,-0.0341324433684,-0.0170257631689,1.31208586693,1.09605525722e-05,3.88834405385e-06,0.0,0.00484855053946,0.00373685453087,0.997106075287,-0.125827312469,0.111489757895,0.0264681968838,0,0,0,
93120,4294967295,31.5086904365,120.401581496,33.3557700654,-0.000532774662133,-0.0341324433684,-0.0170257631689,1.31208586693,1.09605525722e-05,3.88834405385e-06,0.0,0.00476767262444,0.00373777444474,0.996943533421,-0.125077188015,0.110458612442,0.0494299605489,0,0,0,
93130,4294967295,31.5086904365,120.401581496,33.3557700654,-0.000532774662133,-0.0341324433684,-0.0170257631689,1.31208586693,1.09605525722e-05,3.88834405385e-06,0.0,0.00467788474634,0.00325227086432,0.996781647205,-0.131185948849,0.139922514558,0.0553641654551,0,0,0,
93140,4294967295,31.5086904365,120.401581496,33.3557700654,-0.000532774662133,-0.0341324433684,-0.0170257631689,1.31208586693,1.09605525722e-05,3.88834405385e-06,0.0,0.00468192715198,0.00349603593349,0.996700704098,-0.125036597252,0.134332299232,0.0494299605489,0,0,0,
93150,4294967295,31.5086904365,120.401581496,33.3557700654,-0.000532774662133,-0.0341324433684,-0.0170257631689,1.31208586693,1.09605525722e-05,3.88834405385e-06,0.0,0.00475884182379,0.00325505272485,0.996457874775,-0.125092327595,0.134731337428,0.0384034477174,0,0,0,
93160,4294967295,31.5086904365,120.401581496,33.3557700654,-0.000532774662133,-0.0341324433684,-0.0170257631689,1.31208586693,1.09605525722e-05,3.88834405385e-06,0.0,0.00508112553507,0.0030872982461,0.996701419353,-0.130101114511,0.134952753782,0.0145329404622,0,0,0,
93170,4294967295,31.5086904365,120.401581496,33.3557700654,-0.000532774662133,-0.0341324433684,-0.0170257631689,1.31208586693,1.09605525722e-05,3.88834405385e-06,0.0,0.00484048016369,0.00325039052404,0.996862590313,-0.135666400194,0.146810933948,0.00846504606307,0,0,0,
93180,4294967295,31.5086904365,120.401581496,33.3557700654,-0.000532774662133,-0.0341324433684,-0.0170257631689,1.31208586693,1.09605525722e-05,3.88834405385e-06,0.0,0.00484496774152,0.00341496174224,0.996861934662,-0.159474089742,0.158696338534,0.0203730147332,0,0,0,
93190,4294967295,31.5086904365,120.401581496,33.3557700654,-0.000532774662133,-0.0341324433684,-0.0170257631689,1.31208586693,1.09605525722e-05,3.88834405385e-06,0.0,0.00475969864056,0.00341834989376,0.996700048447,-0.159045189619,0.170751094818,0.0204125754535,0,0,0,
93200,4294967295,31.5086904365,120.401581496,33.3557700654,-0.000532774662133,-0.0341324433684,-0.0170257631689,1.31208586693,1.09605525722e-05,3.88834405385e-06,0.0,0.00450852513313,0.00350123364478,0.996215105057,-0.136089503765,0.170596152544,0.0263345055282,0,0,0,
93210,4294967295,31.5086904365,120.401581496,33.3557700654,-0.000532774662133,-0.0341324433684,-0.0170257631689,1.31208586693,1.09605525722e-05,3.88834405385e-06,0.0,0.0050034634769,0.00382157485001,0.997028529644,-0.118095986545,0.146175712347,0.0443103723228,0,0,0,
93220,4294967295,31.5086904365,120.401581496,33.3557700654,-0.000532774662133,-0.0341324433684,-0.0170257631689,1.31208586693,1.09605525722e-05,3.88834405385e-06,0.0,0.00508643733338,0.00373986479826,0.997027158737,-0.130424767733,0.128536179662,0.0607955679297,0,0,0,
93230,4294967295,31.5086904365,120.401581496,33.3557700654,-0.000532774662133,-0.0341324433684,-0.0170257631689,1.31208586693,1.09605525722e-05,3.88834405385e-06,0.0,0.00467963190749,0.00341935455799,0.996944189072,-0.123998604715,0.140201359987,0.048927154392,0,0,0,
93240,4294967295,31.5086904365,120.401581496,33.3557700654,-0.000532774662133,-0.0341324433684,-0.0170257631689,1.31208586693,1.09605525722e-05,3.88834405385e-06,0.0,0.00476249912754,0.00341733987443,0.997106134892,-0.118802659214,0.168922528625,0.0430202297866,0,0,0,
93250,4294967295,31.5086904365,120.401581496,33.3557700654,-0.000532774662133,-0.0341324433684,-0.0170257631689,1.31208586693,1.09605525722e-05,3.88834405385e-06,0.0,0.0045982953161,0.00366218318231,0.996457874775,-0.106697030365,0.151424854994,0.049850910902,0,0,0,
93260,4294967295,31.5086904365,120.401581496,33.3557700654,-0.000532774662133,-0.0341324433684,-0.0170257631689,1.31208586693,1.09605525722e-05,3.88834405385e-06,0.0,0.00509202387184,0.00389878847636,0.996944248676,-0.113390490413,0.11689516902,0.0264136288315,0,0,0,
93270,4294967295,31.5086904365,120.401581496,33.3557700654,-0.000532774662133,-0.0341324433684,-0.0170257631689,1.31208586693,1.09605525722e-05,3.88834405385e-06,0.0,0.0052574519068,0.0038972964976,0.997350931168,-0.101667836308,0.151459664106,0.00850460398942,0,0,0,
93280,4294967295,31.5086904365,120.401581496,33.3557700654,-0.000532774662133,-0.0341324433684,-0.0170257631689,1.31208586693,1.09605525722e-05,3.88834405385e-06,0.0,0.00476006558165,0.00358079117723,0.996458590031,-0.106790825725,0.203280508518,0.0201173685491,0,0,0,
93290,4294967295,31.5086904365,120.401581496,33.3557700654,-0.000532774662133,-0.0341324433684,-0.0170257631689,1.31208586693,1.09605525722e-05,3.88834405385e-06,0.0,0.00459993584082,0.00374331255443,0.996864020824,-0.112851306796,0.215724796057,0.00863829441369,0,0,0,
93300,4294967295,31.5086904365,120.401581496,33.3557700654,-0.000532774662133,-0.0341324433684,-0.0170257631689,1.31208586693,1.09605525722e-05,3.88834405385e-06,0.0,0.00468601938337,0.00390429119579,0.99702578783,-0.118527755141,0.216439023614,0.00850460398942,0,0,0,
93310,4294967295,31.5086904365,120.401581496,33.3557700654,-0.000532774662133,-0.0341324433684,-0.0170257631689,1.31208586693,1.09605525722e-05,3.88834405385e-06,0.0,0.00508991442621,0.00357415969484,0.996782302856,-0.140769064426,0.21083368361,-0.00943170208484,0,0,0,
93320,4294967295,31.5086904365,120.401581496,33.3557700654,-0.000532774662133,-0.0341324433684,-0.0170257631689,1.31208586693,1.09605525722e-05,3.88834405385e-06,0.0,0.00467350846156,0.00325432512909,0.996538817883,-0.147873714566,0.192606702447,0.00843775831163,0,0,0,
93330,4294967295,31.5086904365,120.401581496,33.3557700654,-0.000532774662133,-0.0341324433684,-0.0170257631689,1.31208586693,1.09605525722e-05,3.88834405385e-06,0.0,0.00541229033843,0.00373396393843,0.996619045734,-0.135389357805,0.192472845316,0.0439210385084,0,0,0,
93340,4294967295,31.5086904365,120.401581496,33.3557700654,-0.000532774662133,-0.0341324433684,-0.0170257631689,1.31208586693,1.09605525722e-05,3.88834405385e-06,0.0,0.00442927004769,0.00358207873069,0.99613237381,-0.140916466713,0.216627240181,0.055506516248,0,0,0,
93350,4294967295,31.5086904365,120.401581496,33.3557700654,-0.000532774662133,-0.0341324433684,-0.0170257631689,1.31208586693,1.09605525722e-05,3.88834405385e-06,0.0,0.00459875399247,0.00382448057644,0.996457278728,-0.124868065119,0.199278458953,0.0323355607688,0,0,0,
93360,4294967295,31.5086904365,120.401581496,33.3557700654,-0.000532774662133,-0.0341324433684,-0.0170257631689,1.31208586693,1.09605525722e-05,3.88834405385e-06,0.0,0.00483774440363,0.00325578427874,0.99629420042,-0.131563216448,0.175372138619,0.0442039705813,0,0,0,
93370,4294967295,31.5086904365,120.401581496,33.3557700654,-0.000532774662133,-0.0341324433684,-0.0170257631689,1.31208586693,1.09605525722e-05,3.88834405385e-06,0.0,0.00427079154179,0.00293627916835,0.996699392796,-0.131211847067,0.140117242932,0.0323082692921,0,0,0,
93380,4294967295,31.5086904365,120.401581496,33.3557700654,-0.000532774662133,-0.0341324433684,-0.0170257631689,1.31208586693,1.09605525722e-05,3.88834405385e-06,0.0,0.00467471824959,0.0031741631683,0.996375620365,-0.129758700728,0.140263274312,0.00854416377842,0,0,0,
93390,4294967295,31.5086904365,120.401581496,33.3557700654,-0.000532774662133,-0.0341324433684,-0.0170257631689,1.31208586693,1.09605525722e-05,3.88834405385e-06,0.0,0.00459386827424,0.00333599187434,0.996782302856,-0.130131021142,0.158483117819,0.0204125754535,0,0,0,
93400,4294967295,31.5086904365,120.401581496,33.3557700654,-0.000532774662133,-0.0341324433684,-0.0170257631689,1.31208586693,1.09605525722e-05,3.88834405385e-06,0.0,0.00500791426748,0.00414299964905,0.997026503086,-0.135128632188,0.18225133419,0.0382151901722,0,0,0,
93410,4294967295,31.5086904365,120.401581496,33.3557700654,-0.000532774662133,-0.0341324433684,-0.0170257631689,1.31208586693,1.09605525722e-05,3.88834405385e-06,0.0,0.00427601067349,0.00415256153792,0.996457874775,-0.153077170253,0.17591175437,0.0204398594797,0,0,0,
93420,4294967295,31.5086904365,120.401581496,33.3557700654,-0.000532774662133,-0.0341324433684,-0.0170257631689,1.31208586693,1.09605525722e-05,3.88834405385e-06,0.0,0.00427798973396,0.00350260711275,0.997350871563,-0.124265283346,0.16991622746,0.014250007458,0,0,0,
93430,4294967295,31.5086904365,120.401581496,33.3557700654,-0.000532774662133,-0.0341324433684,-0.0170257631689,1.31208586693,1.09605525722e-05,3.88834405385e-06,0.0,0.0051708240062,0.00373803335242,0.996700704098,-0.113426655531,0.158188581467,0.0610197708011,0,0,0,
93440,4294967295,31.5086904365,120.401581496,33.3557700654,-0.000532774662133,-0.0341324433684,-0.0170257631689,1.31208586693,1.09605525722e-05,3.88834405385e-06,0.0,0.00435930816457,0.00431667454541,0.99605101347,-0.113566927612,0.116627693176,0.0502718612552,0,0,0,
93450,4294967295,31.5086904365,120.401581496,33.3557700654,-0.000532774662133,-0.0341324433684,-0.0170257631689,1.31208586693,1.09605525722e-05,3.88834405385e-06,0.0,0.00458171730861,0.00268737436272,0.99621373415,-0.130510792136,0.122730240226,0.0442435257137,0,0,0,
93460,4294967295,31.5086904365,120.401581496,33.3557700654,-0.000532774662133,-0.0341324433684,-0.0170257631689,1.31208586693,1.09605525722e-05,3.88834405385e-06,0.0,0.00449436390772,0.00211813556962,0.996295273304,-0.132154032588,0.145995765924,0.0676535218954,0,0,0,
93470,4294967295,31.5086904365,120.401581496,33.3557700654,-0.000532774662133,-0.0341324433684,-0.0170257631689,1.31208586693,1.09605525722e-05,3.88834405385e-06,0.0,0.00427394732833,0.00382851436734,0.996457874775,-0.131605088711,0.151827305555,0.0379552133381,0,0,0,
93480,4294967295,31.5086904365,120.401581496,33.3557700654,-0.000532774662133,-0.0341324433684,-0.0170257631689,1.31208586693,1.09605525722e-05,3.88834405385e-06,0.0,0.00484852166846,0.00422582030296,0.996456563473,-0.124766439199,0.140007093549,0.00857144687325,0,0,0,
93490,4294967295,31.5086904365,120.401581496,33.3557700654,-0.000532774662133,-0.0341324433684,-0.0170257631689,1.31208586693,1.09605525722e-05,3.88834405385e-06,0.0,0.0045990315266,0.00382215785794,0.996376276016,-0.148021250963,0.129136577249,-0.0153659060597,0,0,0,
93500,4294967295,31.5086904365,120.401581496,33.3557700654,-0.000532774662133,-0.0341324433684,-0.0170257631689,1.31208586693,1.09605525722e-05,3.88834405385e-06,0.0,0.00459619564936,0.00333243515342,0.996620476246,-0.130299434066,0.122880496085,0.026401348412,0,0,0,
93510,4294967295,31.5086904365,120.401581496,33.3557700654,-0.000532774662133,-0.0341324433684,-0.0170257631689,1.31208586693,1.09605525722e-05,3.88834405385e-06,0.0,0.0055718976073,0.00275103305466,0.997189044952,-0.136495664716,0.122711539268,0.0617904998362,0,0,0,
93520,4294967295,31.5086904365,120.401581496,33.3557700654,-0.000532774662133,-0.0341324433684,-0.0170257631689,1.31208586693,1.09605525722e-05,3.88834405385e-06,0.0,0.00492616603151,0.00341080804355,0.99661976099,-0.141807615757,0.140254661441,0.0144388079643,0,0,0,
93530,4294967295,31.5086904365,120.401581496,33.3557700654,-0.000532774662133,-0.0341324433684,-0.0170257631689,1.31208586693,1.09605525722e-05,3.88834405385e-06,0.0,0.00461037131026,0.00447405269369,0.996538877487,-0.165873870254,0.146212249994,0.0084650432691,0,0,0,
93540,4294967295,31.5086904365,120.401581496,33.3557700654,-0.000532774662133,-0.0341324433684,-0.0170257631689,1.31208586693,1.09605525722e-05,3.88834405385e-06,0.0,0.00501071522012,0.00365589559078,0.996864020824,-0.153644636273,0.135043039918,0.0379199869931,0,0,0,
93550,4294967295,31.5086904365,120.401581496,33.3557700654,-0.000532774662133,-0.0341324433684,-0.0170257631689,1.31208586693,1.09605525722e-05,3.88834405385e-06,0.0,0.0046770744957,0.00301046320237,0.996213257313,-0.147682696581,0.134894832969,0.026440910995,0,0,0,
93560,4294967295,31.5086904365,120.401581496,33.3557700654,-0.000532774662133,-0.0341324433684,-0.0170257631689,1.31208586693,1.09605525722e-05,3.88834405385e-06,0.0,0.00435967557132,0.00374528695829,0.996213257313,-0.148135870695,0.134676590562,0.0384034477174,0,0,0,
93570,4294967295,31.5086904365,120.401581496,33.3557700654,-0.000532774662133,-0.0341324433684,-0.0170257631689,1.31208586693,1.09605525722e-05,3.88834405385e-06,0.0,0.00435763550922,0.00374353560619,0.996700048447,-0.143320605159,0.122719354928,0.049850910902,0,0,0,
93580,4294967295,31.5086904365,120.401581496,33.3557700654,-0.000532774662133,-0.0341324433684,-0.0170257631689,1.31208586693,1.09605525722e-05,3.88834405385e-06,0.0,0.00451578013599,0.00358093925752,0.996862649918,-0.142780780792,0.117056392133,0.0561392270029,0,0,0,
93590,4294967295,31.5086904365,120.401581496,33.3557700654,-0.000532774662133,-0.0341324433684,-0.0170257631689,1.31208586693,1.09605525722e-05,3.88834405385e-06,0.0,0.0048433621414,0.0039858170785,0.99653750658,-0.142275094986,0.123071841896,0.0443376563489,0,0,0,
93600,4294967295,31.5086904365,120.401581496,33.3557700654,-0.000532774662133,-0.0341324433684,-0.0170257631689,1.31208586693,1.09605525722e-05,3.88834405385e-06,0.0,0.00492506613955,0.00382133177482,0.99653750658,-0.118810676038,0.15258744359,0.0204794220626,0,0,0,
93610,4294967295,31.5086904133,120.401581537,33.3465502346,-0.00454968260601,0.0434287898242,0.0534008964896,1.31208586693,1.09605525722e-05,3.88834405385e-06,0.0,0.00492668896914,0.00357740861364,0.996862649918,-0.107382498682,0.140658229589,0.0321745835245,0,0,0,
93620,4294967295,31.5086904133,120.401581537,33.3465502346,-0.00454968260601,0.0434287898242,0.0534008964896,1.31208586693,1.09605525722e-05,3.88834405385e-06,0.0,0.00460276426747,0.0036626663059,0.996863305569,-0.124666437507,0.140697136521,0.0441098436713,0,0,0,
93630,4294967295,31.5086904133,120.401581537,33.3465502346,-0.00454968260601,0.0434287898242,0.0534008964896,1.31208586693,1.09605525722e-05,3.88834405385e-06,0.0,0.00468201981857,0.00349933910184,0.997187793255,-0.118943825364,0.152750462294,0.0323751196265,0,0,0,
93640,4294967295,31.5086904133,120.401581537,33.3465502346,-0.00454968260601,0.0434287898242,0.0534008964896,1.31208586693,1.09605525722e-05,3.88834405385e-06,0.0,0.00460641132668,0.00398821989074,0.997105419636,-0.123945653439,0.128655418754,0.0384034477174,0,0,0,
93650,4294967295,31.5086904133,120.401581537,33.3465502346,-0.00454968260601,0.0434287898242,0.0534008964896,1.31208586693,1.09605525722e-05,3.88834405385e-06,0.0,0.00452910223976,0.00423236237839,0.997106075287,-0.14190594852,0.117024309933,0.0319857783616,0,0,0,
93660,4294967295,31.5086904133,120.401581537,33.3465502346,-0.00454968260601,0.0434287898242,0.0534008964896,1.31208586693,1.09605525722e-05,3.88834405385e-06,0.0,0.00452542724088,0.00382422213443,0.996944904327,-0.124827615917,0.157938107848,0.0382697619498,0,0,0,
93670,4294967295,31.5086904133,120.401581537,33.3465502346,-0.00454968260601,0.0434287898242,0.0534008964896,1.31208586693,1.09605525722e-05,3.88834405385e-06,0.0,0.00451695825905,0.00325474957936,0.996782302856,-0.0955298319459,0.158211022615,0.0323355607688,0,0,0,
93680,4294967295,31.5086904133,120.401581537,33.3465502346,-0.00454968260601,0.0434287898242,0.0534008964896,1.31208586693,1.09605525722e-05,3.88834405385e-06,0.0,0.00484456913546,0.00325186457485,0.996942937374,-0.0907537937164,0.121730923653,0.0204398594797,0,0,0,
93690,4294967295,31.5086904133,120.401581537,33.3465502346,-0.00454968260601,0.0434287898242,0.0534008964896,1.31208586693,1.09605525722e-05,3.88834405385e-06,0.0,0.00484455516562,0.0034957875032,0.996780335903,-0.114535935223,0.122945256531,0.0384034477174,0,0,0,
93700,4294967295,31.5086904133,120.401581537,33.3465502346,-0.00454968260601,0.0434287898242,0.0534008964896,1.31208586693,1.09605525722e-05,3.88834405385e-06,0.0,0.00509315542877,0.0038959980011,0.996944189072,-0.119644932449,0.134765625,0.0724672302604,0,0,0,
93710,4294967295,31.5086904133,120.401581537,33.3465502346,-0.00454968260601,0.0434287898242,0.0534008964896,1.31208586693,1.09605525722e-05,3.88834405385e-06,0.0,0.00533701339737,0.00397575320676,0.996782302856,-0.125402480364,0.163830578327,0.0610197708011,0,0,0,
93720,4294967295,31.5086904133,120.401581537,33.3465502346,-0.00454968260601,0.0434287898242,0.0534008964896,1.31208586693,1.09605525722e-05,3.88834405385e-06,0.0,0.0047628977336,0.00374176981859,0.996457278728,-0.141850799322,0.170554473996,0.0197007469833,0,0,0,
93730,4294967295,31.5086904133,120.401581537,33.3465502346,-0.00454968260601,0.0434287898242,0.0534008964896,1.31208586693,1.09605525722e-05,3.88834405385e-06,0.0,0.0045218905434,0.00341912638396,0.996700048447,-0.159687802196,0.141013607383,0.0374365188181,0,0,0,
93740,4294967295,31.5086904133,120.401581537,33.3465502346,-0.00454968260601,0.0434287898242,0.0534008964896,1.31208586693,1.09605525722e-05,3.88834405385e-06,0.0,0.00460111349821,0.00325603783131,0.996944189072,-0.159795701504,0.129322633147,0.0442039705813,0,0,0,
93750,4294967295,31.5086904133,120.401581537,33.3465502346,-0.00454968260601,0.0434287898242,0.0534008964896,1.31208586693,1.09605525722e-05,3.88834405385e-06,0.0,0.00468151085079,0.00333362421952,0.996701419353,-0.135597243905,0.140239804983,0.0383761674166,0,0,0,
93760,4294967295,31.5086907866,120.401581609,33.3258433575,-0.0214120838791,0.00680646160617,0.0318936295807,2.3835401535,1.09605525722e-05,3.88834405385e-06,0.0,0.00468037929386,0.00325557030737,0.996701419353,-0.136108547449,0.158352553844,0.0324419625103,0,0,0,
93770,4294967295,31.5086907866,120.401581609,33.3258433575,-0.0214120838791,0.00680646160617,0.0318936295807,2.3835401535,1.09605525722e-05,3.88834405385e-06,0.0,0.0046762903221,0.00349559704773,0.996701419353,-0.14724420011,0.158428430557,0.0204398594797,0,0,0,
93780,4294967295,31.5086907866,120.401581609,33.3258433575,-0.0214120838791,0.00680646160617,0.0318936295807,2.3835401535,1.09605525722e-05,3.88834405385e-06,0.0,0.00501304259524,0.00373446196318,0.996619045734,-0.148161754012,0.140837043524,0.0379199869931,0,0,0,
93790,4294967295,31.5086907866,120.401581609,33.3258433575,-0.0214120838791,0.00680646160617,0.0318936295807,2.3835401535,1.09605525722e-05,3.88834405385e-06,0.0,0.00484855100513,0.00365825369954,0.996700763702,-0.142830014229,0.140955880284,0.0493717715144,0,0,0,
93800,4294967295,31.5086907866,120.401581609,33.3258433575,-0.0214120838791,0.00680646160617,0.0318936295807,2.3835401535,1.09605525722e-05,3.88834405385e-06,0.0,0.00460076099262,0.00374427717179,0.996620476246,-0.11870867759,0.163417220116,0.020400300622,0,0,0,
93810,4294967295,31.5086907866,120.401581609,33.3258433575,-0.0214120838791,0.00680646160617,0.0318936295807,2.3835401535,1.09605525722e-05,3.88834405385e-06,0.0,0.00476047722623,0.00382226076908,0.99661976099,-0.130025520921,0.163014143705,-0.0034306535963,0,0,0,
93820,4294967295,31.5086907866,120.401581609,33.3258433575,-0.0214120838791,0.00680646160617,0.0318936295807,2.3835401535,1.09605525722e-05,3.88834405385e-06,0.0,0.00459622731432,0.00357813388109,0.996864020824,-0.136199459434,0.127642318606,0.0263345055282,0,0,0,
93830,4294967295,31.5086907866,120.401581609,33.3258433575,-0.0214120838791,0.00680646160617,0.0318936295807,2.3835401535,1.09605525722e-05,3.88834405385e-06,0.0,0.00468038255349,0.00382382865064,0.996864020824,-0.12588621676,0.128862291574,0.0558562912047,0,0,0,
93840,4294967295,31.5086907866,120.401581609,33.3258433575,-0.0214120838791,0.00680646160617,0.0318936295807,2.3835401535,1.09605525722e-05,3.88834405385e-06,0.0,0.00476447399706,0.00382285402156,0.996540248394,-0.125359147787,0.134769022465,0.0550143904984,0,0,0,
93850,4294967295,31.5086907866,120.401581609,33.3258433575,-0.0214120838791,0.00680646160617,0.0318936295807,2.3835401535,1.09605525722e-05,3.88834405385e-06,0.0,0.00468878773972,0.00406612083316,0.996621131897,-0.118929162621,0.163222491741,0.0605276413262,0,0,0,
93860,4294967295,31.5086907866,120.401581609,33.3258433575,-0.0214120838791,0.00680646160617,0.0318936295807,2.3835401535,1.09605525722e-05,3.88834405385e-06,0.0,0.00444659823552,0.00398681266233,0.99702578783,-0.107477404177,0.156819850206,0.0324419587851,0,0,0,
93870,4294967295,31.5086907866,120.401581609,33.3258433575,-0.0214120838791,0.00680646160617,0.0318936295807,2.3835401535,1.09605525722e-05,3.88834405385e-06,0.0,0.00452148774639,0.00366154685616,0.996862590313,-0.123630531132,0.151355698705,0.0024762682151,0,0,0,
93880,4294967295,31.5086907866,120.401581609,33.3258433575,-0.0214120838791,0.00680646160617,0.0318936295807,2.3835401535,1.09605525722e-05,3.88834405385e-06,0.0,0.00460034469143,0.00366090494208,0.996700763702,-0.135555058718,0.140603974462,0.0377862975001,0,0,0,
93890,4294967295,31.5086907866,120.401581609,33.3258433575,-0.0214120838791,0.00680646160617,0.0318936295807,2.3835401535,1.09605525722e-05,3.88834405385e-06,0.0,0.00451703229919,0.00366300460882,0.996538877487,-0.124121516943,0.116197675467,0.0545395798981,0,0,0,
93900,4294967295,31.5086907059,120.401581577,33.324383093,-0.0128675354645,-0.0111429374665,0.0212756786495,2.38354110718,1.09605525722e-05,3.88834405385e-06,0.0,0.00435082195327,0.00350108998828,0.99661976099,-0.129934668541,0.128780081868,0.0438541918993,0,0,0,
93910,4294967295,31.5086907059,120.401581577,33.324383093,-0.0128675354645,-0.0111429374665,0.0212756786495,2.38354110718,1.09605525722e-05,3.88834405385e-06,0.0,0.00451779784635,0.00349753838964,0.99678093195,-0.147487491369,0.146692305803,0.0501777343452,0,0,0,
93920,4294967295,31.5086907059,120.401581577,33.324383093,-0.0128675354645,-0.0111429374665,0.0212756786495,2.38354110718,1.09605525722e-05,3.88834405385e-06,0.0,0.00460553262383,0.00374048645608,0.996699333191,-0.141542419791,0.140442982316,0.0441371239722,0,0,0,
93930,4294967295,31.5086907059,120.401581577,33.324383093,-0.0128675354645,-0.0111429374665,0.0212756786495,2.38354110718,1.09605525722e-05,3.88834405385e-06,0.0,0.00427845912054,0.00374740664847,0.996862590313,-0.125058636069,0.129129841924,0.0264136288315,0,0,0,
93940,4294967295,31.5086907059,120.401581577,33.324383093,-0.0128675354645,-0.0111429374665,0.0212756786495,2.38354110718,1.09605525722e-05,3.88834405385e-06,0.0,0.00468762405217,0.00390419177711,0.996862590313,-0.142220020294,0.140458419919,0.00861101038754,0,0,0,
93950,4294967295,31.5086907059,120.401581577,33.324383093,-0.0128675354645,-0.0111429374665,0.0212756786495,2.38354110718,1.09605525722e-05,3.88834405385e-06,0.0,0.00493270577863,0.0042275916785,0.996781647205,-0.136526927352,0.139463037252,0.0144660938531,0,0,0,
93960,4294967295,31.5086907059,120.401581577,33.324383093,-0.0128675354645,-0.0111429374665,0.0212756786495,2.38354110718,1.09605525722e-05,3.88834405385e-06,0.0,0.00477218767628,0.00422828923911,0.99694365263,-0.142406791449,0.128175497055,0.0144388079643,0,0,0,
93970,4294967295,31.5086907059,120.401581577,33.324383093,-0.0128675354645,-0.0111429374665,0.0212756786495,2.38354110718,1.09605525722e-05,3.88834405385e-06,0.0,0.00460280664265,0.00374424830079,0.996781647205,-0.141972213984,0.128492623568,0.0203730147332,0,0,0,
93980,4294967295,31.5086907059,120.401581577,33.324383093,-0.0128675354645,-0.0111429374665,0.0212756786495,2.38354110718,1.09605525722e-05,3.88834405385e-06,0.0,0.00435689976439,0.0034208483994,0.996457993984,-0.129632934928,0.139596372843,0.0263072196394,0,0,0,
93990,4294967295,31.5086907059,120.401581577,33.324383093,-0.0128675354645,-0.0111429374665,0.0212756786495,2.38354110718,1.09605525722e-05,3.88834405385e-06,0.0,0.0043644788675,0.00374211347662,0.997025191784,-0.1248164922,0.127930209041,0.0203730147332,0,0,0,
94000,4294967295,31.5086907059,120.401581577,33.324383093,-0.0128675354645,-0.0111429374665,0.0212756786495,2.38354110718,1.09605525722e-05,3.88834405385e-06,0.0,0.00452425936237,0.0039869369939,0.996700048447,-0.11926305294,0.1226426512,0.0383093208075,0,0,0,
94010,4294967295,31.5086907059,120.401581577,33.324383093,-0.0128675354645,-0.0111429374665,0.0212756786495,2.38354110718,1.09605525722e-05,3.88834405385e-06,0.0,0.00476248096675,0.00382045097649,0.996375262737,-0.142041966319,0.129155829549,0.0438541918993,0,0,0,
94020,4294967295,31.5086907059,120.401581577,33.324383093,-0.0128675354645,-0.0111429374665,0.0212756786495,2.38354110718,1.09605525722e-05,3.88834405385e-06,0.0,0.00492664240301,0.00373855675571,0.99678093195,-0.14822730422,0.153342753649,0.0493717715144,0,0,0,
94030,4294967295,31.5086907059,120.401581577,33.324383093,-0.0128675354645,-0.0111429374665,0.0212756786495,2.38354110718,1.09605525722e-05,3.88834405385e-06,0.0,0.00484659336507,0.00374108366668,0.997106790543,-0.119347885251,0.175745069981,0.0383215993643,0,0,0,
94040,4294967295,31.5086907059,120.401581577,33.324383093,-0.0128675354645,-0.0111429374665,0.0212756786495,2.38354110718,1.09605525722e-05,3.88834405385e-06,0.0,0.00411388883367,0.00374866463244,0.996863901615,-0.147643700242,0.140700653195,0.0438348501921,0,0,0,
94050,4294967295,31.5086907059,120.401581577,33.324383093,-0.0128675354645,-0.0111429374665,0.0212756786495,2.38354110718,1.09605525722e-05,3.88834405385e-06,0.0,0.00419113738462,0.00358538213186,0.99661976099,-0.171759605408,0.12375678122,0.0562060661614,0,0,0,
94060,4294967295,31.5086907059,120.401581577,33.324383093,-0.0128675354645,-0.0111429374665,0.0212756786495,2.38354110718,1.09605525722e-05,3.88834405385e-06,0.0,0.0041899275966,0.00334309111349,0.996456623077,-0.142026558518,0.135163620114,0.055785112083,0,0,0,
94070,4294967295,31.5086907059,120.401581577,33.324383093,-0.0128675354645,-0.0111429374665,0.0212756786495,2.38354110718,1.09605525722e-05,3.88834405385e-06,0.0,0.00435166573152,0.00342252850533,0.996294736862,-0.118886567652,0.128765136003,0.0553641654551,0,0,0,
94080,4294967295,31.5086907059,120.401581577,33.324383093,-0.0128675354645,-0.0111429374665,0.0212756786495,2.38354110718,1.09605525722e-05,3.88834405385e-06,0.0,0.00468197325245,0.00382385379635,0.996538877487,-0.136140674353,0.117070391774,0.0443376563489,0,0,0,
94090,4294967295,31.5086907059,120.401581577,33.324383093,-0.0128675354645,-0.0111429374665,0.0212756786495,2.38354110718,1.09605525722e-05,3.88834405385e-06,0.0,0.00444214325398,0.00390581344254,0.996864020824,-0.130427151918,0.117190174758,0.0502718612552,0,0,0,
94100,4294967295,31.5086907059,120.401581577,33.324383093,-0.0128675354645,-0.0111429374665,0.0212756786495,2.38354110718,1.09605525722e-05,3.88834405385e-06,0.0,0.00476648053154,0.00349707086571,0.997189044952,-0.136808007956,0.110730707645,0.0443376563489,0,0,0,
94110,4294967295,31.5086907059,120.401581577,33.324383093,-0.0128675354645,-0.0111429374665,0.0212756786495,2.38354110718,1.09605525722e-05,3.88834405385e-06,0.0,0.00508355954662,0.00300670671277,0.997025191784,-0.12516310811,0.11678801477,0.0376370549202,0,0,0,
94120,4294967295,31.5086907059,120.401581577,33.324383093,-0.0128675354645,-0.0111429374665,0.0212756786495,2.38354110718,1.09605525722e-05,3.88834405385e-06,0.0,0.00533021753654,0.00349017046392,0.996700048447,-0.136314079165,0.116403989494,0.0323355607688,0,0,0,
94130,4294967295,31.5086907059,120.401581577,33.324383093,-0.0128675354645,-0.0111429374665,0.0212756786495,2.38354110718,1.09605525722e-05,3.88834405385e-06,0.0,0.00525540253147,0.00414134375751,0.996700048447,-0.12988781929,0.134020537138,0.0553728230298,0,0,0,
94140,4294967295,31.5086907059,120.401581577,33.324383093,-0.0128675354645,-0.0111429374665,0.0212756786495,2.38354110718,1.09605525722e-05,3.88834405385e-06,0.0,0.00484493933618,0.0036586066708,0.996619045734,-0.153927117586,0.146196827292,0.0606074780226,0,0,0,
94150,4294967295,31.5086907059,120.401581577,33.324383093,-0.0128675354645,-0.0111429374665,0.0212756786495,2.38354110718,1.09605525722e-05,3.88834405385e-06,0.0,0.00467705959454,0.00341467838734,0.996459245682,-0.131095305085,0.139753073454,0.0439210385084,0,0,0,
94160,4294967295,31.5086907059,120.401581577,33.324383093,-0.0128675354645,-0.0111429374665,0.0212756786495,2.38354110718,1.09605525722e-05,3.88834405385e-06,0.0,0.0045986152254,0.0036599796731,0.996459901333,-0.149313047528,0.111204445362,0.0439210385084,0,0,0,
94170,4294967295,31.5086907059,120.401581577,33.324383093,-0.0128675354645,-0.0111429374665,0.0212756786495,2.38354110718,1.09605525722e-05,3.88834405385e-06,0.0,0.00468321144581,0.00382058043033,0.996538817883,-0.17227652669,0.105261184275,0.0495054647326,0,0,0,
94180,4294967295,31.5086918841,120.401583042,33.2996787885,-0.00187465839554,-0.0241925213486,0.00926026795059,2.38354444504,1.09605525722e-05,3.88834405385e-06,0.0,0.00443578837439,0.00374440662563,0.996131896973,-0.166428133845,0.0927419960499,0.0439210385084,0,0,0,
94190,4294967295,31.5086918841,120.401583042,33.2996787885,-0.00187465839554,-0.0241925213486,0.00926026795059,2.38354444504,1.09605525722e-05,3.88834405385e-06,0.0,0.00459632044658,0.00358058628626,0.996375143528,-0.137262254953,0.0925148576498,0.026440910995,0,0,0,
94200,4294967295,31.5086918841,120.401583042,33.2996787885,-0.00187465839554,-0.0241925213486,0.00926026795059,2.38354444504,1.09605525722e-05,3.88834405385e-06,0.0,0.00476695364341,0.00382200744934,0.997187077999,-0.12547826767,0.116947978735,0.0323478318751,0,0,0,
94210,4294967295,31.5086918841,120.401583042,33.2996787885,-0.00187465839554,-0.0241925213486,0.00926026795059,2.38354444504,1.09605525722e-05,3.88834405385e-06,0.0,0.00477212714031,0.00422671111301,0.996781647205,-0.148179158568,0.134676590562,0.049850910902,0,0,0,
94220,4294967295,31.5086918841,120.401583042,33.2996787885,-0.00187465839554,-0.0241925213486,0.00926026795059,2.38354444504,1.09605525722e-05,3.88834405385e-06,0.0,0.00468318304047,0.00365963648073,0.996700048447,-0.147998258471,0.117115907371,0.0205339901149,0,0,0,
94230,4294967295,31.5086918841,120.401583042,33.2996787885,-0.00187465839554,-0.0241925213486,0.00926026795059,2.38354444504,1.09605525722e-05,3.88834405385e-06,0.0,0.00483849598095,0.00317287980579,0.99653750658,-0.142554432154,0.0686555802822,0.0439210385084,0,0,0,
94240,4294967295,31.5086918841,120.401583042,33.2996787885,-0.00187465839554,-0.0241925213486,0.00926026795059,2.38354444504,1.09605525722e-05,3.88834405385e-06,0.0,0.00500545278192,0.0035756174475,0.996781051159,-0.12554128468,0.0563067384064,0.0844779908657,0,0,0,
